Mapping parameters for Uranoscopus guttatus ()

"Cite AquaMaps itself as: Kaschner, K., K. Kesner-Reyes, C. Garilao, J. Rius-Barile, T. Rees, and R. Froese. 2015. 
	AquaMaps: Predicted range maps for aquatic species. World wide web electronic publication, www.aquamaps.org, Version 08/2015. "

Map type: Computer-generated,
Map Option: In FAO
FAOAreas: 51 |  57,
Bounding Box (NSWE): ,,,,

Pelagic: False,
Layer used to generate probabilities: Surface,

Species Envelope (HSPEN):
 ,Used,Min,Pref Min (10th),Pref Max (90th),Max
Depth (m),1,15,47,148,300
Temperature (°C),1,26.79,27.29,28.5,32.7
Salinity (psu),1,26.22,31.2,37.92,39.2
Primary Production,1,193,427.5,1429,2098.75
Sea Ice Concentration,1,-1,0,0,0
Distance to Land (km),0,17,20,188.5,260.875
 

Map data (HSPEC) for predicted occurrences (n = 1522): 

"To get individual probabilities (i.e. Depth, Temperature, Salinity, Primary Production, Sea Ice Concentration, Distance to Land):"
1. Click on the Create-Your-Own-Map at the bottom left part of the species map page.
2. Click on the Regenerate Map Data and View Map button then click OK.
3. In the resulting User-Specified Map for the species click on the Download data (as csv) link.
4. Select HSPEC then Submit.

Genus,Species,Center Lat,Center Long,C-Square Code,Overall Probability
Uranoscopus,guttatus,0.25,43.75,1004:103:2,0.05
Uranoscopus,guttatus,1.75,45.75,1004:215:4,0.08
Uranoscopus,guttatus,6.25,48.75,1004:468:2,0.08
Uranoscopus,guttatus,6.25,49.25,1004:469:1,0.18
Uranoscopus,guttatus,6.75,49.25,1004:469:3,0.18
Uranoscopus,guttatus,6.75,49.75,1004:469:4,0.18
Uranoscopus,guttatus,8.25,50.25,1005:380:1,0.09
Uranoscopus,guttatus,8.75,50.25,1005:380:3,0.09
Uranoscopus,guttatus,8.75,50.75,1005:380:4,0.10
Uranoscopus,guttatus,9.25,50.75,1005:390:2,0.18
Uranoscopus,guttatus,9.75,50.75,1005:390:4,0.15
Uranoscopus,guttatus,6.25,93.75,1009:363:2,0.18
Uranoscopus,guttatus,8.25,97.25,1009:487:1,0.19
Uranoscopus,guttatus,17.75,39.75,1103:479:4,0.02
Uranoscopus,guttatus,18.75,37.25,1103:487:3,0.12
Uranoscopus,guttatus,13.75,47.25,1104:237:3,0.04
Uranoscopus,guttatus,10.25,51.25,1105:101:1,0.05
Uranoscopus,guttatus,10.25,51.75,1105:101:2,0.06
Uranoscopus,guttatus,10.75,51.75,1105:101:4,0.06
Uranoscopus,guttatus,11.75,51.25,1105:111:3,0.17
Uranoscopus,guttatus,11.75,52.25,1105:112:3,0.06
Uranoscopus,guttatus,12.25,53.25,1105:123:1,0.02
Uranoscopus,guttatus,12.25,53.75,1105:123:2,0.02
Uranoscopus,guttatus,12.75,53.25,1105:123:3,0.02
Uranoscopus,guttatus,12.75,53.75,1105:123:4,0.02
Uranoscopus,guttatus,14.75,51.75,1105:141:4,0.04
Uranoscopus,guttatus,15.25,51.75,1105:351:2,0.14
Uranoscopus,guttatus,15.75,51.75,1105:351:4,0.13
Uranoscopus,guttatus,19.75,69.25,1106:499:3,0.07
Uranoscopus,guttatus,12.75,75.25,1107:225:3,0.02
Uranoscopus,guttatus,15.75,73.75,1107:353:4,0.16
Uranoscopus,guttatus,15.25,74.25,1107:354:1,0.19
Uranoscopus,guttatus,16.25,73.25,1107:363:1,0.06
Uranoscopus,guttatus,16.75,73.25,1107:363:3,0.01
Uranoscopus,guttatus,17.25,71.25,1107:371:1,0.08
Uranoscopus,guttatus,17.25,72.75,1107:372:2,0.01
Uranoscopus,guttatus,17.25,73.25,1107:373:1,0.14
Uranoscopus,guttatus,15.75,81.75,1108:351:4,0.17
Uranoscopus,guttatus,13.75,95.75,1109:235:4,0.18
Uranoscopus,guttatus,12.25,98.75,1109:228:2,0.03
Uranoscopus,guttatus,15.75,94.75,1109:354:4,0.09
Uranoscopus,guttatus,19.75,93.25,1109:393:3,0.11
Uranoscopus,guttatus,15.25,96.25,1109:456:1,0.03
Uranoscopus,guttatus,15.25,96.75,1109:456:2,0.13
Uranoscopus,guttatus,16.75,96.75,1109:466:4,0.11
Uranoscopus,guttatus,20.25,37.25,1203:207:1,0.02
Uranoscopus,guttatus,20.75,37.25,1203:207:3,0.02
Uranoscopus,guttatus,20.75,37.75,1203:207:4,0.02
Uranoscopus,guttatus,21.75,36.75,1203:216:4,0.01
Uranoscopus,guttatus,21.25,37.25,1203:217:1,0.02
Uranoscopus,guttatus,21.25,37.75,1203:217:2,0.02
Uranoscopus,guttatus,21.75,37.25,1203:217:3,0.02
Uranoscopus,guttatus,21.75,38.75,1203:218:4,0.07
Uranoscopus,guttatus,21.25,39.25,1203:219:1,0.07
Uranoscopus,guttatus,21.75,39.25,1203:219:3,0.07
Uranoscopus,guttatus,22.25,36.75,1203:226:2,0.05
Uranoscopus,guttatus,22.25,37.25,1203:227:1,0.07
Uranoscopus,guttatus,22.25,38.75,1203:228:2,0.12
Uranoscopus,guttatus,22.75,38.75,1203:228:4,0.12
Uranoscopus,guttatus,22.25,39.25,1203:229:1,0.12
Uranoscopus,guttatus,22.75,39.25,1203:229:3,0.12
Uranoscopus,guttatus,23.25,38.75,1203:238:2,0.12
Uranoscopus,guttatus,24.25,54.25,1205:144:1,0.03
Uranoscopus,guttatus,24.75,54.25,1205:144:3,0.07
Uranoscopus,guttatus,23.75,57.25,1205:237:3,0.06
Uranoscopus,guttatus,25.25,54.25,1205:354:1,0.16
Uranoscopus,guttatus,24.75,61.25,1206:141:3,0.18
Uranoscopus,guttatus,24.75,61.75,1206:141:4,0.06
Uranoscopus,guttatus,21.75,69.75,1206:219:4,0.18
Uranoscopus,guttatus,22.75,66.75,1206:226:4,0.15
Uranoscopus,guttatus,22.25,68.75,1206:228:2,0.14
Uranoscopus,guttatus,22.75,68.25,1206:228:3,0.14
Uranoscopus,guttatus,22.75,68.75,1206:228:4,0.17
Uranoscopus,guttatus,22.25,69.25,1206:229:1,0.19
Uranoscopus,guttatus,22.75,69.25,1206:229:3,0.11
Uranoscopus,guttatus,23.75,65.75,1206:235:4,0.01
Uranoscopus,guttatus,23.25,66.25,1206:236:1,0.03
Uranoscopus,guttatus,23.25,66.75,1206:236:2,0.10
Uranoscopus,guttatus,23.75,66.25,1206:236:3,0.10
Uranoscopus,guttatus,23.75,66.75,1206:236:4,0.06
Uranoscopus,guttatus,23.25,67.25,1206:237:1,0.07
Uranoscopus,guttatus,23.25,67.75,1206:237:2,0.03
Uranoscopus,guttatus,23.75,67.25,1206:237:3,0.04
Uranoscopus,guttatus,25.25,61.75,1206:351:2,0.04
Uranoscopus,guttatus,22.75,70.25,1207:120:3,0.19
Uranoscopus,guttatus,22.25,72.25,1207:122:1,0.01
Uranoscopus,guttatus,20.25,86.25,1208:206:1,0.14
Uranoscopus,guttatus,20.75,88.25,1208:208:3,0.04
Uranoscopus,guttatus,20.75,89.75,1208:209:4,0.16
Uranoscopus,guttatus,21.25,87.75,1208:217:2,0.03
Uranoscopus,guttatus,21.75,87.25,1208:217:3,0.03
Uranoscopus,guttatus,21.75,87.75,1208:217:4,0.02
Uranoscopus,guttatus,21.25,88.25,1208:218:1,0.01
Uranoscopus,guttatus,21.75,88.25,1208:218:3,0.01
Uranoscopus,guttatus,21.75,88.75,1208:218:4,0.01
Uranoscopus,guttatus,21.75,89.25,1208:219:3,0.07
Uranoscopus,guttatus,21.75,89.75,1208:219:4,0.05
Uranoscopus,guttatus,22.25,89.75,1208:229:2,0.09
Uranoscopus,guttatus,20.75,91.75,1209:101:4,0.01
Uranoscopus,guttatus,20.25,93.25,1209:103:1,0.01
Uranoscopus,guttatus,21.75,90.75,1209:110:4,0.08
Uranoscopus,guttatus,21.75,91.25,1209:111:3,0.03
Uranoscopus,guttatus,21.75,91.75,1209:111:4,0.14
Uranoscopus,guttatus,22.75,90.75,1209:120:4,0.11
Uranoscopus,guttatus,22.25,91.25,1209:121:1,0.18
Uranoscopus,guttatus,22.25,91.75,1209:121:2,0.19
Uranoscopus,guttatus,22.75,91.25,1209:121:3,0.08
Uranoscopus,guttatus,22.75,91.75,1209:121:4,0.18
Uranoscopus,guttatus,-7.25,39.25,3003:479:1,0.09
Uranoscopus,guttatus,-3.25,40.75,3004:130:2,0.12
Uranoscopus,guttatus,-8.75,47.25,3004:487:3,0.15
Uranoscopus,guttatus,-4.25,55.75,3005:245:2,0.19
Uranoscopus,guttatus,-4.75,55.75,3005:245:4,0.06
Uranoscopus,guttatus,-8.75,59.75,3005:489:4,0.03
Uranoscopus,guttatus,-9.75,62.25,3006:392:3,0.08
Uranoscopus,guttatus,-6.25,71.75,3007:361:2,0.10
Uranoscopus,guttatus,-8.75,111.25,3011:381:3,0.08
Uranoscopus,guttatus,-9.75,121.25,3012:391:3,0.09
Uranoscopus,guttatus,-17.25,37.75,3103:477:2,0.16
Uranoscopus,guttatus,-17.75,37.25,3103:477:3,0.15
Uranoscopus,guttatus,-17.75,37.75,3103:477:4,0.17
Uranoscopus,guttatus,-18.25,37.25,3103:487:1,0.02
Uranoscopus,guttatus,-18.25,37.75,3103:487:2,0.02
Uranoscopus,guttatus,-18.75,37.25,3103:487:3,0.02
Uranoscopus,guttatus,-16.25,43.75,3104:363:2,0.07
Uranoscopus,guttatus,-15.25,49.75,3104:459:2,0.12
Uranoscopus,guttatus,-15.75,49.75,3104:459:4,0.12
Uranoscopus,guttatus,-13.75,50.25,3105:130:3,0.19
Uranoscopus,guttatus,-14.25,50.25,3105:140:1,0.10
Uranoscopus,guttatus,-14.75,50.25,3105:140:3,0.11
Uranoscopus,guttatus,-14.75,50.75,3105:140:4,0.05
Uranoscopus,guttatus,-11.25,61.75,3106:111:2,0.14
Uranoscopus,guttatus,-12.25,61.25,3106:121:1,0.15
Uranoscopus,guttatus,-12.25,61.75,3106:121:2,0.07
Uranoscopus,guttatus,-13.75,60.75,3106:130:4,0.02
Uranoscopus,guttatus,-13.75,61.25,3106:131:3,0.05
Uranoscopus,guttatus,-18.75,116.75,3111:486:4,0.18
Uranoscopus,guttatus,-13.25,121.75,3112:131:2,0.16
Uranoscopus,guttatus,-13.75,122.75,3112:132:4,0.09
Uranoscopus,guttatus,-10.25,126.25,3112:206:1,0.05
Uranoscopus,guttatus,-14.75,127.75,3112:247:4,0.03
Uranoscopus,guttatus,-14.25,128.75,3112:248:2,0.07
Uranoscopus,guttatus,-14.75,128.25,3112:248:3,0.17
Uranoscopus,guttatus,-14.75,128.75,3112:248:4,0.05
Uranoscopus,guttatus,-15.25,124.25,3112:354:1,0.06
Uranoscopus,guttatus,-15.75,124.75,3112:354:4,0.19
Uranoscopus,guttatus,-20.25,43.75,3204:103:2,0.19
Uranoscopus,guttatus,0.25,42.75,1004:102:2,0.36
Uranoscopus,guttatus,0.25,43.25,1004:103:1,0.26
Uranoscopus,guttatus,0.75,43.25,1004:103:3,0.20
Uranoscopus,guttatus,0.75,43.75,1004:103:4,0.26
Uranoscopus,guttatus,0.75,44.25,1004:104:3,0.26
Uranoscopus,guttatus,1.25,44.25,1004:114:1,0.20
Uranoscopus,guttatus,1.25,44.75,1004:114:2,0.20
Uranoscopus,guttatus,1.75,44.75,1004:114:4,0.20
Uranoscopus,guttatus,1.75,45.25,1004:215:3,0.26
Uranoscopus,guttatus,2.25,45.25,1004:225:1,0.34
Uranoscopus,guttatus,2.25,45.75,1004:225:2,0.34
Uranoscopus,guttatus,2.25,46.25,1004:226:1,0.32
Uranoscopus,guttatus,2.75,46.25,1004:226:3,0.32
Uranoscopus,guttatus,2.75,46.75,1004:226:4,0.32
Uranoscopus,guttatus,3.25,47.25,1004:237:1,0.38
Uranoscopus,guttatus,3.75,47.25,1004:237:3,0.36
Uranoscopus,guttatus,3.75,47.75,1004:237:4,0.38
Uranoscopus,guttatus,4.25,47.75,1004:247:2,0.32
Uranoscopus,guttatus,4.75,48.75,1004:248:4,0.32
Uranoscopus,guttatus,5.25,48.25,1004:458:1,0.26
Uranoscopus,guttatus,5.25,48.75,1004:458:2,0.26
Uranoscopus,guttatus,5.75,48.75,1004:458:4,0.26
Uranoscopus,guttatus,5.75,49.25,1004:459:3,0.38
Uranoscopus,guttatus,7.75,50.25,1005:370:3,0.20
Uranoscopus,guttatus,7.75,78.25,1007:478:3,0.24
Uranoscopus,guttatus,8.25,77.75,1007:487:2,0.31
Uranoscopus,guttatus,0.75,99.25,1009:209:3,0.26
Uranoscopus,guttatus,3.25,99.75,1009:239:2,0.24
Uranoscopus,guttatus,7.25,97.75,1009:477:2,0.38
Uranoscopus,guttatus,9.75,96.75,1009:496:4,0.35
Uranoscopus,guttatus,3.25,100.75,1010:130:2,0.32
Uranoscopus,guttatus,3.75,100.75,1010:130:4,0.28
Uranoscopus,guttatus,3.75,101.25,1010:131:3,0.33
Uranoscopus,guttatus,4.25,100.75,1010:140:2,0.26
Uranoscopus,guttatus,4.75,100.25,1010:140:3,0.37
Uranoscopus,guttatus,11.75,42.75,1104:112:4,0.24
Uranoscopus,guttatus,10.25,45.25,1104:205:1,0.20
Uranoscopus,guttatus,14.75,49.75,1104:249:4,0.21
Uranoscopus,guttatus,15.75,40.25,1104:350:3,0.25
Uranoscopus,guttatus,19.25,41.25,1104:391:1,0.26
Uranoscopus,guttatus,10.25,50.75,1105:100:2,0.35
Uranoscopus,guttatus,11.75,52.75,1105:112:4,0.24
Uranoscopus,guttatus,12.75,51.25,1105:121:3,0.24
Uranoscopus,guttatus,12.25,52.25,1105:122:1,0.38
Uranoscopus,guttatus,12.25,52.75,1105:122:2,0.38
Uranoscopus,guttatus,15.25,50.75,1105:350:2,0.33
Uranoscopus,guttatus,15.75,52.25,1105:352:3,0.32
Uranoscopus,guttatus,12.75,73.75,1107:123:4,0.36
Uranoscopus,guttatus,13.25,74.75,1107:134:2,0.32
Uranoscopus,guttatus,14.25,74.25,1107:144:1,0.37
Uranoscopus,guttatus,14.75,74.25,1107:144:3,0.20
Uranoscopus,guttatus,12.25,79.75,1107:229:2,0.34
Uranoscopus,guttatus,15.75,73.25,1107:353:3,0.34
Uranoscopus,guttatus,18.25,73.25,1107:383:1,0.31
Uranoscopus,guttatus,19.25,72.75,1107:392:2,0.34
Uranoscopus,guttatus,16.25,81.25,1108:361:1,0.32
Uranoscopus,guttatus,16.25,81.75,1108:361:2,0.35
Uranoscopus,guttatus,18.25,83.75,1108:383:2,0.26
Uranoscopus,guttatus,15.25,94.75,1109:354:2,0.22
Uranoscopus,guttatus,15.75,95.25,1109:455:3,0.23
Uranoscopus,guttatus,15.75,95.75,1109:455:4,0.39
Uranoscopus,guttatus,15.75,97.25,1109:457:3,0.28
Uranoscopus,guttatus,20.25,39.25,1203:209:1,0.39
Uranoscopus,guttatus,20.75,39.25,1203:209:3,0.39
Uranoscopus,guttatus,20.75,39.75,1203:209:4,0.39
Uranoscopus,guttatus,24.75,54.75,1205:144:4,0.21
Uranoscopus,guttatus,25.25,54.75,1205:354:2,0.21
Uranoscopus,guttatus,25.75,54.25,1205:354:3,0.21
Uranoscopus,guttatus,25.75,54.75,1205:354:4,0.21
Uranoscopus,guttatus,26.25,54.25,1205:364:1,0.21
Uranoscopus,guttatus,25.25,55.25,1205:455:1,0.21
Uranoscopus,guttatus,27.25,56.75,1205:476:2,0.37
Uranoscopus,guttatus,21.75,68.75,1206:218:4,0.33
Uranoscopus,guttatus,21.25,69.25,1206:219:1,0.32
Uranoscopus,guttatus,21.25,69.75,1206:219:2,0.32
Uranoscopus,guttatus,22.25,67.25,1206:227:1,0.38
Uranoscopus,guttatus,22.75,67.75,1206:227:4,0.29
Uranoscopus,guttatus,22.25,68.25,1206:228:1,0.30
Uranoscopus,guttatus,22.75,69.75,1206:229:4,0.27
Uranoscopus,guttatus,20.75,70.25,1207:100:3,0.32
Uranoscopus,guttatus,21.25,71.75,1207:111:2,0.23
Uranoscopus,guttatus,20.25,86.75,1208:206:2,0.20
Uranoscopus,guttatus,20.75,86.75,1208:206:4,0.32
Uranoscopus,guttatus,20.25,87.25,1208:207:1,0.36
Uranoscopus,guttatus,20.25,87.75,1208:207:2,0.37
Uranoscopus,guttatus,20.25,88.25,1208:208:1,0.38
Uranoscopus,guttatus,20.25,88.75,1208:208:2,0.38
Uranoscopus,guttatus,21.25,86.75,1208:216:2,0.39
Uranoscopus,guttatus,21.25,87.25,1208:217:1,0.33
Uranoscopus,guttatus,20.75,90.25,1209:100:3,0.30
Uranoscopus,guttatus,20.75,92.25,1209:102:3,0.33
Uranoscopus,guttatus,21.75,90.25,1209:110:3,0.24
Uranoscopus,guttatus,-8.25,39.25,3003:489:1,0.28
Uranoscopus,guttatus,-0.25,42.75,3004:102:2,0.30
Uranoscopus,guttatus,-0.75,42.25,3004:102:3,0.30
Uranoscopus,guttatus,-0.75,42.75,3004:102:4,0.30
Uranoscopus,guttatus,-0.25,43.25,3004:103:1,0.30
Uranoscopus,guttatus,-4.25,54.75,3005:144:2,0.35
Uranoscopus,guttatus,-6.25,57.25,3005:467:1,0.31
Uranoscopus,guttatus,-0.25,73.75,3007:103:2,0.21
Uranoscopus,guttatus,-4.25,100.75,3010:140:2,0.21
Uranoscopus,guttatus,-8.75,112.75,3011:382:4,0.23
Uranoscopus,guttatus,-10.25,47.75,3104:207:2,0.36
Uranoscopus,guttatus,-11.75,49.25,3104:219:3,0.21
Uranoscopus,guttatus,-14.25,47.25,3104:247:1,0.25
Uranoscopus,guttatus,-16.25,44.25,3104:364:1,0.26
Uranoscopus,guttatus,-18.25,44.25,3104:384:1,0.26
Uranoscopus,guttatus,-15.25,47.75,3104:457:2,0.34
Uranoscopus,guttatus,-10.25,50.75,3105:100:2,0.26
Uranoscopus,guttatus,-10.25,51.25,3105:101:1,0.28
Uranoscopus,guttatus,-12.75,50.25,3105:120:3,0.34
Uranoscopus,guttatus,-13.25,50.25,3105:130:1,0.25
Uranoscopus,guttatus,-10.25,60.75,3106:100:2,0.20
Uranoscopus,guttatus,-11.25,60.75,3106:110:2,0.34
Uranoscopus,guttatus,-11.75,60.75,3106:110:4,0.31
Uranoscopus,guttatus,-11.75,61.75,3106:111:4,0.23
Uranoscopus,guttatus,-11.25,62.25,3106:112:1,0.36
Uranoscopus,guttatus,-11.75,62.25,3106:112:3,0.29
Uranoscopus,guttatus,-11.75,96.75,3109:216:4,0.24
Uranoscopus,guttatus,-12.25,96.75,3109:226:2,0.28
Uranoscopus,guttatus,-13.25,96.25,3109:236:1,0.26
Uranoscopus,guttatus,-18.75,116.25,3111:486:3,0.26
Uranoscopus,guttatus,-19.25,116.25,3111:496:1,0.26
Uranoscopus,guttatus,-19.25,116.75,3111:496:2,0.26
Uranoscopus,guttatus,-19.75,116.25,3111:496:3,0.26
Uranoscopus,guttatus,-19.75,116.75,3111:496:4,0.26
Uranoscopus,guttatus,-13.25,123.25,3112:133:1,0.29
Uranoscopus,guttatus,-17.25,120.25,3112:370:1,0.30
Uranoscopus,guttatus,-21.25,43.25,3204:113:1,0.30
Uranoscopus,guttatus,-21.25,43.75,3204:113:2,0.30
Uranoscopus,guttatus,-21.75,43.25,3204:113:3,0.30
Uranoscopus,guttatus,3.25,46.75,1004:236:2,0.42
Uranoscopus,guttatus,4.25,48.25,1004:248:1,0.40
Uranoscopus,guttatus,4.75,48.25,1004:248:3,0.40
Uranoscopus,guttatus,5.75,79.75,1007:459:4,0.49
Uranoscopus,guttatus,8.75,75.75,1007:485:4,0.44
Uranoscopus,guttatus,8.25,76.25,1007:486:1,0.53
Uranoscopus,guttatus,8.25,76.75,1007:486:2,0.41
Uranoscopus,guttatus,8.75,76.25,1007:486:3,0.57
Uranoscopus,guttatus,8.75,78.25,1007:488:3,0.56
Uranoscopus,guttatus,3.75,95.75,1009:235:4,0.58
Uranoscopus,guttatus,3.75,98.75,1009:238:4,0.49
Uranoscopus,guttatus,6.75,94.25,1009:364:3,0.46
Uranoscopus,guttatus,7.25,94.25,1009:374:1,0.44
Uranoscopus,guttatus,5.75,96.25,1009:456:3,0.45
Uranoscopus,guttatus,2.75,101.75,1010:121:4,0.44
Uranoscopus,guttatus,3.25,100.25,1010:130:1,0.54
Uranoscopus,guttatus,3.75,100.25,1010:130:3,0.53
Uranoscopus,guttatus,4.25,100.25,1010:140:1,0.46
Uranoscopus,guttatus,4.75,100.75,1010:140:4,0.46
Uranoscopus,guttatus,5.25,100.25,1010:350:1,0.45
Uranoscopus,guttatus,5.75,100.25,1010:350:3,0.51
Uranoscopus,guttatus,6.75,100.25,1010:360:3,0.48
Uranoscopus,guttatus,18.25,38.25,1103:488:1,0.57
Uranoscopus,guttatus,19.25,38.75,1103:498:2,0.43
Uranoscopus,guttatus,11.75,42.25,1104:112:3,0.59
Uranoscopus,guttatus,12.75,43.25,1104:123:3,0.43
Uranoscopus,guttatus,12.75,43.75,1104:123:4,0.49
Uranoscopus,guttatus,13.25,42.75,1104:132:2,0.56
Uranoscopus,guttatus,13.25,43.25,1104:133:1,0.44
Uranoscopus,guttatus,14.75,40.75,1104:140:4,0.57
Uranoscopus,guttatus,10.75,47.25,1104:207:3,0.44
Uranoscopus,guttatus,18.25,40.25,1104:380:1,0.58
Uranoscopus,guttatus,12.25,51.75,1105:121:2,0.54
Uranoscopus,guttatus,14.75,50.25,1105:140:3,0.48
Uranoscopus,guttatus,15.25,52.25,1105:352:1,0.42
Uranoscopus,guttatus,12.75,74.75,1107:124:4,0.48
Uranoscopus,guttatus,13.75,73.25,1107:133:3,0.57
Uranoscopus,guttatus,13.75,74.25,1107:134:3,0.54
Uranoscopus,guttatus,14.75,73.75,1107:143:4,0.55
Uranoscopus,guttatus,19.25,70.25,1107:390:1,0.47
Uranoscopus,guttatus,19.75,71.75,1107:391:4,0.57
Uranoscopus,guttatus,14.25,80.75,1108:140:2,0.48
Uranoscopus,guttatus,15.75,80.75,1108:350:4,0.44
Uranoscopus,guttatus,16.75,82.25,1108:362:3,0.43
Uranoscopus,guttatus,19.25,85.75,1108:495:2,0.50
Uranoscopus,guttatus,19.75,85.25,1108:495:3,0.46
Uranoscopus,guttatus,19.75,85.75,1108:495:4,0.50
Uranoscopus,guttatus,19.75,86.25,1108:496:3,0.48
Uranoscopus,guttatus,19.75,86.75,1108:496:4,0.50
Uranoscopus,guttatus,10.75,96.75,1109:206:4,0.57
Uranoscopus,guttatus,17.75,94.25,1109:374:3,0.50
Uranoscopus,guttatus,14.75,97.75,1109:247:4,0.43
Uranoscopus,guttatus,19.25,93.75,1109:393:2,0.48
Uranoscopus,guttatus,19.25,94.25,1109:394:1,0.51
Uranoscopus,guttatus,15.75,96.25,1109:456:3,0.44
Uranoscopus,guttatus,15.75,96.75,1109:456:4,0.44
Uranoscopus,guttatus,15.75,97.75,1109:457:4,0.44
Uranoscopus,guttatus,16.25,95.75,1109:465:2,0.52
Uranoscopus,guttatus,16.25,97.25,1109:467:1,0.44
Uranoscopus,guttatus,16.75,97.25,1109:467:3,0.43
Uranoscopus,guttatus,17.25,96.75,1109:476:2,0.41
Uranoscopus,guttatus,17.25,97.25,1109:477:1,0.47
Uranoscopus,guttatus,20.25,37.75,1203:207:2,0.42
Uranoscopus,guttatus,23.75,58.25,1205:238:3,0.47
Uranoscopus,guttatus,23.25,59.25,1205:239:1,0.56
Uranoscopus,guttatus,24.25,56.75,1205:246:2,0.50
Uranoscopus,guttatus,25.25,57.75,1205:457:2,0.52
Uranoscopus,guttatus,27.25,55.75,1205:475:2,0.59
Uranoscopus,guttatus,21.75,69.25,1206:219:3,0.45
Uranoscopus,guttatus,22.25,67.75,1206:227:2,0.46
Uranoscopus,guttatus,22.75,67.25,1206:227:3,0.44
Uranoscopus,guttatus,25.25,61.25,1206:351:1,0.46
Uranoscopus,guttatus,20.25,72.75,1207:102:2,0.58
Uranoscopus,guttatus,20.75,72.75,1207:102:4,0.50
Uranoscopus,guttatus,21.25,72.75,1207:112:2,0.49
Uranoscopus,guttatus,21.75,72.75,1207:112:4,0.41
Uranoscopus,guttatus,20.25,89.25,1208:209:1,0.41
Uranoscopus,guttatus,20.25,89.75,1208:209:2,0.44
Uranoscopus,guttatus,20.25,90.25,1209:100:1,0.54
Uranoscopus,guttatus,20.25,90.75,1209:100:2,0.54
Uranoscopus,guttatus,20.25,92.75,1209:102:2,0.50
Uranoscopus,guttatus,20.75,92.75,1209:102:4,0.41
Uranoscopus,guttatus,-1.25,41.75,3004:111:2,0.54
Uranoscopus,guttatus,-1.75,41.25,3004:111:3,0.54
Uranoscopus,guttatus,-1.75,41.75,3004:111:4,0.54
Uranoscopus,guttatus,-1.25,42.25,3004:112:1,0.46
Uranoscopus,guttatus,-9.25,46.25,3004:496:1,0.50
Uranoscopus,guttatus,-9.25,46.75,3004:496:2,0.47
Uranoscopus,guttatus,-9.75,46.75,3004:496:4,0.46
Uranoscopus,guttatus,-9.75,47.75,3004:497:4,0.41
Uranoscopus,guttatus,-9.25,50.75,3005:390:2,0.50
Uranoscopus,guttatus,-9.75,50.75,3005:390:4,0.42
Uranoscopus,guttatus,-9.25,51.25,3005:391:1,0.45
Uranoscopus,guttatus,-9.75,51.25,3005:391:3,0.50
Uranoscopus,guttatus,-9.75,59.75,3005:499:4,0.59
Uranoscopus,guttatus,-8.25,60.25,3006:380:1,0.42
Uranoscopus,guttatus,-9.75,60.25,3006:390:3,0.58
Uranoscopus,guttatus,-0.25,73.25,3007:103:1,0.56
Uranoscopus,guttatus,-4.75,72.75,3007:142:4,0.58
Uranoscopus,guttatus,-7.75,71.75,3007:371:4,0.57
Uranoscopus,guttatus,-7.75,107.25,3010:477:3,0.49
Uranoscopus,guttatus,-8.75,117.25,3011:487:3,0.44
Uranoscopus,guttatus,-17.25,38.25,3103:478:1,0.40
Uranoscopus,guttatus,-17.25,38.75,3103:478:2,0.40
Uranoscopus,guttatus,-17.75,38.25,3103:478:3,0.40
Uranoscopus,guttatus,-11.25,43.25,3104:113:1,0.53
Uranoscopus,guttatus,-11.75,43.75,3104:113:4,0.55
Uranoscopus,guttatus,-11.25,47.25,3104:217:1,0.50
Uranoscopus,guttatus,-19.25,44.25,3104:394:1,0.53
Uranoscopus,guttatus,-15.75,45.75,3104:455:4,0.43
Uranoscopus,guttatus,-10.25,56.75,3105:206:2,0.52
Uranoscopus,guttatus,-10.25,59.75,3105:209:2,0.58
Uranoscopus,guttatus,-10.25,62.25,3106:102:1,0.54
Uranoscopus,guttatus,-10.75,62.25,3106:102:3,0.56
Uranoscopus,guttatus,-11.25,60.25,3106:110:1,0.56
Uranoscopus,guttatus,-11.75,61.25,3106:111:3,0.43
Uranoscopus,guttatus,-11.25,104.75,3110:114:2,0.43
Uranoscopus,guttatus,-18.25,117.75,3111:487:2,0.54
Uranoscopus,guttatus,-19.25,117.25,3111:497:1,0.46
Uranoscopus,guttatus,-19.25,117.75,3111:497:2,0.46
Uranoscopus,guttatus,-19.75,117.25,3111:497:3,0.46
Uranoscopus,guttatus,-19.75,117.75,3111:497:4,0.46
Uranoscopus,guttatus,-19.75,119.25,3111:499:3,0.50
Uranoscopus,guttatus,-19.75,119.75,3111:499:4,0.54
Uranoscopus,guttatus,-13.25,122.25,3112:132:1,0.49
Uranoscopus,guttatus,-10.25,127.75,3112:207:2,0.56
Uranoscopus,guttatus,-13.75,126.25,3112:236:3,0.56
Uranoscopus,guttatus,-14.75,125.25,3112:245:3,0.59
Uranoscopus,guttatus,-14.25,128.25,3112:248:1,0.59
Uranoscopus,guttatus,-15.25,121.25,3112:351:1,0.53
Uranoscopus,guttatus,-15.25,124.75,3112:354:2,0.59
Uranoscopus,guttatus,-15.75,124.25,3112:354:3,0.53
Uranoscopus,guttatus,-16.25,123.25,3112:363:1,0.41
Uranoscopus,guttatus,-19.75,120.25,3112:390:3,0.49
Uranoscopus,guttatus,0.25,73.75,1007:103:2,0.74
Uranoscopus,guttatus,0.75,73.75,1007:103:4,0.77
Uranoscopus,guttatus,1.75,73.75,1007:113:4,0.66
Uranoscopus,guttatus,9.25,76.25,1007:496:1,0.64
Uranoscopus,guttatus,9.25,79.25,1007:499:1,0.73
Uranoscopus,guttatus,0.25,99.25,1009:209:1,0.62
Uranoscopus,guttatus,0.25,99.75,1009:209:2,0.68
Uranoscopus,guttatus,2.25,97.25,1009:227:1,0.79
Uranoscopus,guttatus,2.25,97.75,1009:227:2,0.79
Uranoscopus,guttatus,2.75,97.25,1009:227:3,0.79
Uranoscopus,guttatus,2.75,97.75,1009:227:4,0.79
Uranoscopus,guttatus,3.75,99.25,1009:239:3,0.65
Uranoscopus,guttatus,3.75,99.75,1009:239:4,0.78
Uranoscopus,guttatus,4.25,98.25,1009:248:1,0.79
Uranoscopus,guttatus,4.25,98.75,1009:248:2,0.79
Uranoscopus,guttatus,4.75,98.25,1009:248:3,0.79
Uranoscopus,guttatus,4.75,98.75,1009:248:4,0.79
Uranoscopus,guttatus,4.25,99.25,1009:249:1,0.78
Uranoscopus,guttatus,4.25,99.75,1009:249:2,0.78
Uranoscopus,guttatus,4.75,99.25,1009:249:3,0.78
Uranoscopus,guttatus,4.75,99.75,1009:249:4,0.78
Uranoscopus,guttatus,5.25,95.75,1009:455:2,0.79
Uranoscopus,guttatus,8.25,98.75,1009:488:2,0.71
Uranoscopus,guttatus,9.75,98.75,1009:498:4,0.75
Uranoscopus,guttatus,6.25,100.25,1010:360:1,0.66
Uranoscopus,guttatus,15.75,39.25,1103:459:3,0.72
Uranoscopus,guttatus,16.75,39.75,1103:469:4,0.69
Uranoscopus,guttatus,10.25,44.75,1104:104:2,0.79
Uranoscopus,guttatus,12.75,44.25,1104:124:3,0.77
Uranoscopus,guttatus,13.75,41.75,1104:131:4,0.64
Uranoscopus,guttatus,14.25,41.25,1104:141:1,0.62
Uranoscopus,guttatus,14.25,41.75,1104:141:2,0.74
Uranoscopus,guttatus,14.75,41.25,1104:141:3,0.61
Uranoscopus,guttatus,13.75,46.75,1104:236:4,0.62
Uranoscopus,guttatus,13.25,47.25,1104:237:1,0.67
Uranoscopus,guttatus,15.25,40.25,1104:350:1,0.71
Uranoscopus,guttatus,15.25,40.75,1104:350:2,0.66
Uranoscopus,guttatus,15.75,40.75,1104:350:4,0.63
Uranoscopus,guttatus,15.75,42.25,1104:352:3,0.79
Uranoscopus,guttatus,15.75,42.75,1104:352:4,0.69
Uranoscopus,guttatus,16.25,40.25,1104:360:1,0.68
Uranoscopus,guttatus,16.75,42.25,1104:362:3,0.77
Uranoscopus,guttatus,16.75,42.75,1104:362:4,0.75
Uranoscopus,guttatus,18.25,41.25,1104:381:1,0.79
Uranoscopus,guttatus,18.25,41.75,1104:381:2,0.79
Uranoscopus,guttatus,18.75,41.25,1104:381:3,0.79
Uranoscopus,guttatus,11.75,50.25,1105:110:3,0.78
Uranoscopus,guttatus,11.25,51.75,1105:111:2,0.61
Uranoscopus,guttatus,11.75,51.75,1105:111:4,0.62
Uranoscopus,guttatus,11.75,74.25,1107:114:3,0.75
Uranoscopus,guttatus,13.75,74.75,1107:134:4,0.71
Uranoscopus,guttatus,14.25,74.75,1107:144:2,0.77
Uranoscopus,guttatus,10.75,75.75,1107:205:4,0.63
Uranoscopus,guttatus,10.25,79.75,1107:209:2,0.64
Uranoscopus,guttatus,12.25,75.25,1107:225:1,0.68
Uranoscopus,guttatus,17.75,73.25,1107:373:3,0.62
Uranoscopus,guttatus,18.75,70.75,1107:380:4,0.66
Uranoscopus,guttatus,18.25,72.25,1107:382:1,0.78
Uranoscopus,guttatus,18.25,72.75,1107:382:2,0.71
Uranoscopus,guttatus,19.25,70.75,1107:390:2,0.78
Uranoscopus,guttatus,15.25,80.75,1108:350:2,0.74
Uranoscopus,guttatus,15.75,80.25,1108:350:3,0.74
Uranoscopus,guttatus,15.75,81.25,1108:351:3,0.70
Uranoscopus,guttatus,16.25,82.25,1108:362:1,0.77
Uranoscopus,guttatus,16.75,82.75,1108:362:4,0.68
Uranoscopus,guttatus,16.75,83.25,1108:363:3,0.79
Uranoscopus,guttatus,17.25,82.25,1108:372:1,0.77
Uranoscopus,guttatus,17.25,82.75,1108:372:2,0.77
Uranoscopus,guttatus,18.25,84.25,1108:384:1,0.68
Uranoscopus,guttatus,18.75,84.25,1108:384:3,0.68
Uranoscopus,guttatus,18.75,84.75,1108:384:4,0.76
Uranoscopus,guttatus,19.25,84.75,1108:394:2,0.74
Uranoscopus,guttatus,13.75,94.25,1109:134:3,0.79
Uranoscopus,guttatus,11.25,96.75,1109:216:2,0.78
Uranoscopus,guttatus,14.25,95.25,1109:245:1,0.72
Uranoscopus,guttatus,12.75,98.75,1109:228:4,0.74
Uranoscopus,guttatus,17.25,94.25,1109:374:1,0.61
Uranoscopus,guttatus,17.75,94.75,1109:374:4,0.75
Uranoscopus,guttatus,14.25,95.75,1109:245:2,0.72
Uranoscopus,guttatus,14.75,95.25,1109:245:3,0.72
Uranoscopus,guttatus,14.75,95.75,1109:245:4,0.72
Uranoscopus,guttatus,14.25,96.25,1109:246:1,0.65
Uranoscopus,guttatus,14.25,96.75,1109:246:2,0.65
Uranoscopus,guttatus,14.75,96.25,1109:246:3,0.65
Uranoscopus,guttatus,14.75,96.75,1109:246:4,0.65
Uranoscopus,guttatus,14.25,97.25,1109:247:1,0.60
Uranoscopus,guttatus,14.25,97.75,1109:247:2,0.60
Uranoscopus,guttatus,14.75,97.25,1109:247:3,0.60
Uranoscopus,guttatus,14.25,98.25,1109:248:1,0.60
Uranoscopus,guttatus,15.25,94.25,1109:354:1,0.71
Uranoscopus,guttatus,18.25,94.25,1109:384:1,0.77
Uranoscopus,guttatus,19.75,91.75,1109:391:4,0.77
Uranoscopus,guttatus,19.25,92.75,1109:392:2,0.68
Uranoscopus,guttatus,19.75,92.25,1109:392:3,0.68
Uranoscopus,guttatus,19.75,92.75,1109:392:4,0.68
Uranoscopus,guttatus,19.25,93.25,1109:393:1,0.68
Uranoscopus,guttatus,15.25,97.75,1109:457:2,0.61
Uranoscopus,guttatus,23.75,57.75,1205:237:4,0.74
Uranoscopus,guttatus,25.75,55.25,1205:455:3,0.75
Uranoscopus,guttatus,25.25,58.75,1205:458:2,0.65
Uranoscopus,guttatus,25.25,59.25,1205:459:1,0.64
Uranoscopus,guttatus,26.25,55.25,1205:465:1,0.64
Uranoscopus,guttatus,26.25,55.75,1205:465:2,0.73
Uranoscopus,guttatus,26.25,56.25,1205:466:1,0.75
Uranoscopus,guttatus,26.75,56.25,1205:466:3,0.79
Uranoscopus,guttatus,26.75,56.75,1205:466:4,0.74
Uranoscopus,guttatus,20.75,69.75,1206:209:4,0.70
Uranoscopus,guttatus,21.25,68.25,1206:218:1,0.74
Uranoscopus,guttatus,21.25,68.75,1206:218:2,0.74
Uranoscopus,guttatus,21.75,68.25,1206:218:3,0.74
Uranoscopus,guttatus,25.25,60.25,1206:350:1,0.78
Uranoscopus,guttatus,20.25,71.25,1207:101:1,0.60
Uranoscopus,guttatus,21.75,72.25,1207:112:3,0.78
Uranoscopus,guttatus,20.25,91.25,1209:101:1,0.72
Uranoscopus,guttatus,20.25,91.75,1209:101:2,0.72
Uranoscopus,guttatus,20.25,92.25,1209:102:1,0.72
Uranoscopus,guttatus,-2.25,41.25,3004:121:1,0.76
Uranoscopus,guttatus,-2.75,41.25,3004:121:3,0.76
Uranoscopus,guttatus,-4.75,56.75,3005:246:4,0.79
Uranoscopus,guttatus,-6.75,52.75,3005:362:4,0.79
Uranoscopus,guttatus,-5.75,56.75,3005:456:4,0.75
Uranoscopus,guttatus,-5.25,57.25,3005:457:1,0.73
Uranoscopus,guttatus,-7.25,56.75,3005:476:2,0.75
Uranoscopus,guttatus,-7.25,57.25,3005:477:1,0.61
Uranoscopus,guttatus,-9.75,60.75,3006:390:4,0.65
Uranoscopus,guttatus,-9.75,61.75,3006:391:4,0.79
Uranoscopus,guttatus,-0.75,73.25,3007:103:3,0.60
Uranoscopus,guttatus,-4.75,72.25,3007:142:3,0.74
Uranoscopus,guttatus,-5.25,71.75,3007:351:2,0.75
Uranoscopus,guttatus,-5.25,72.75,3007:352:2,0.78
Uranoscopus,guttatus,-6.75,71.75,3007:361:4,0.74
Uranoscopus,guttatus,-6.25,72.25,3007:362:1,0.74
Uranoscopus,guttatus,-6.25,72.75,3007:362:2,0.73
Uranoscopus,guttatus,-7.25,71.75,3007:371:2,0.75
Uranoscopus,guttatus,-7.75,71.25,3007:371:3,0.62
Uranoscopus,guttatus,-7.25,72.25,3007:372:1,0.73
Uranoscopus,guttatus,-7.25,72.75,3007:372:2,0.60
Uranoscopus,guttatus,-0.25,99.75,3009:209:2,0.79
Uranoscopus,guttatus,-0.75,99.75,3009:209:4,0.72
Uranoscopus,guttatus,-0.25,100.25,3010:100:1,0.77
Uranoscopus,guttatus,-2.25,101.25,3010:121:1,0.71
Uranoscopus,guttatus,-4.75,102.25,3010:142:3,0.67
Uranoscopus,guttatus,-6.75,106.75,3010:466:4,0.69
Uranoscopus,guttatus,-8.75,125.75,3012:485:4,0.76
Uranoscopus,guttatus,-17.25,39.25,3103:479:1,0.72
Uranoscopus,guttatus,-11.75,43.25,3104:113:3,0.60
Uranoscopus,guttatus,-11.75,47.25,3104:217:3,0.69
Uranoscopus,guttatus,-12.25,49.25,3104:229:1,0.60
Uranoscopus,guttatus,-12.25,49.75,3104:229:2,0.60
Uranoscopus,guttatus,-12.75,49.75,3104:229:4,0.60
Uranoscopus,guttatus,-13.25,49.75,3104:239:2,0.78
Uranoscopus,guttatus,-17.75,43.25,3104:373:3,0.77
Uranoscopus,guttatus,-19.75,44.25,3104:394:3,0.74
Uranoscopus,guttatus,-10.25,60.25,3106:100:1,0.69
Uranoscopus,guttatus,-10.75,60.25,3106:100:3,0.74
Uranoscopus,guttatus,-10.25,61.75,3106:101:2,0.70
Uranoscopus,guttatus,-11.25,105.25,3110:215:1,0.61
Uranoscopus,guttatus,-16.75,118.75,3111:468:4,0.76
Uranoscopus,guttatus,-16.75,119.25,3111:469:3,0.78
Uranoscopus,guttatus,-19.25,118.25,3111:498:1,0.66
Uranoscopus,guttatus,-19.25,118.75,3111:498:2,0.66
Uranoscopus,guttatus,-19.75,118.25,3111:498:3,0.66
Uranoscopus,guttatus,-19.75,118.75,3111:498:4,0.66
Uranoscopus,guttatus,-13.75,121.75,3112:131:4,0.77
Uranoscopus,guttatus,-13.75,122.25,3112:132:3,0.72
Uranoscopus,guttatus,-10.25,128.25,3112:208:1,0.67
Uranoscopus,guttatus,-15.75,120.75,3112:350:4,0.71
Uranoscopus,guttatus,-16.75,123.75,3112:363:4,0.66
Uranoscopus,guttatus,-20.25,44.25,3204:104:1,0.64
Uranoscopus,guttatus,-20.75,44.25,3204:104:3,0.64
Uranoscopus,guttatus,0.25,73.25,1007:103:1,0.87
Uranoscopus,guttatus,0.75,73.25,1007:103:3,0.87
Uranoscopus,guttatus,1.75,73.25,1007:113:3,0.82
Uranoscopus,guttatus,2.25,72.75,1007:122:2,0.89
Uranoscopus,guttatus,2.75,72.75,1007:122:4,0.89
Uranoscopus,guttatus,2.25,73.25,1007:123:1,0.90
Uranoscopus,guttatus,2.25,73.75,1007:123:2,0.85
Uranoscopus,guttatus,2.75,73.25,1007:123:3,0.90
Uranoscopus,guttatus,2.75,73.75,1007:123:4,0.90
Uranoscopus,guttatus,3.25,72.75,1007:132:2,0.90
Uranoscopus,guttatus,3.75,72.75,1007:132:4,0.90
Uranoscopus,guttatus,3.25,73.25,1007:133:1,0.91
Uranoscopus,guttatus,3.25,73.75,1007:133:2,0.91
Uranoscopus,guttatus,3.75,73.25,1007:133:3,0.91
Uranoscopus,guttatus,3.75,73.75,1007:133:4,0.91
Uranoscopus,guttatus,4.25,72.75,1007:142:2,0.90
Uranoscopus,guttatus,4.75,72.75,1007:142:4,0.90
Uranoscopus,guttatus,4.25,73.25,1007:143:1,0.91
Uranoscopus,guttatus,4.25,73.75,1007:143:2,0.91
Uranoscopus,guttatus,4.75,73.25,1007:143:3,0.91
Uranoscopus,guttatus,4.75,73.75,1007:143:4,0.91
Uranoscopus,guttatus,5.25,72.75,1007:352:2,0.91
Uranoscopus,guttatus,5.75,72.75,1007:352:4,0.91
Uranoscopus,guttatus,5.25,73.25,1007:353:1,0.92
Uranoscopus,guttatus,5.25,73.75,1007:353:2,0.92
Uranoscopus,guttatus,5.75,73.25,1007:353:3,0.92
Uranoscopus,guttatus,5.75,73.75,1007:353:4,0.92
Uranoscopus,guttatus,6.25,72.75,1007:362:2,0.91
Uranoscopus,guttatus,6.75,72.75,1007:362:4,0.91
Uranoscopus,guttatus,6.25,73.25,1007:363:1,0.93
Uranoscopus,guttatus,6.75,73.25,1007:363:3,0.93
Uranoscopus,guttatus,7.25,72.75,1007:372:2,0.92
Uranoscopus,guttatus,7.25,73.25,1007:373:1,0.93
Uranoscopus,guttatus,8.25,73.25,1007:383:1,0.94
Uranoscopus,guttatus,6.25,79.75,1007:469:2,1.00
Uranoscopus,guttatus,6.75,79.75,1007:469:4,1.00
Uranoscopus,guttatus,7.25,76.75,1007:476:2,1.00
Uranoscopus,guttatus,7.75,76.75,1007:476:4,1.00
Uranoscopus,guttatus,7.25,77.25,1007:477:1,1.00
Uranoscopus,guttatus,7.25,77.75,1007:477:2,0.86
Uranoscopus,guttatus,7.25,79.75,1007:479:2,1.00
Uranoscopus,guttatus,7.75,79.75,1007:479:4,1.00
Uranoscopus,guttatus,8.75,76.75,1007:486:4,0.94
Uranoscopus,guttatus,8.25,77.25,1007:487:1,0.99
Uranoscopus,guttatus,8.75,78.75,1007:488:4,0.89
Uranoscopus,guttatus,8.25,79.75,1007:489:2,1.00
Uranoscopus,guttatus,8.75,79.25,1007:489:3,1.00
Uranoscopus,guttatus,8.75,79.75,1007:489:4,0.99
Uranoscopus,guttatus,9.25,75.75,1007:495:2,0.99
Uranoscopus,guttatus,9.75,75.75,1007:495:4,0.99
Uranoscopus,guttatus,9.25,76.75,1007:496:2,1.00
Uranoscopus,guttatus,9.75,76.25,1007:496:3,1.00
Uranoscopus,guttatus,9.25,78.25,1007:498:1,1.00
Uranoscopus,guttatus,9.25,78.75,1007:498:2,0.93
Uranoscopus,guttatus,9.75,78.75,1007:498:4,1.00
Uranoscopus,guttatus,9.25,79.75,1007:499:2,0.84
Uranoscopus,guttatus,9.75,79.25,1007:499:3,1.00
Uranoscopus,guttatus,9.75,79.75,1007:499:4,0.98
Uranoscopus,guttatus,5.75,80.25,1008:350:3,1.00
Uranoscopus,guttatus,5.75,80.75,1008:350:4,1.00
Uranoscopus,guttatus,5.75,81.25,1008:351:3,0.98
Uranoscopus,guttatus,6.25,80.25,1008:360:1,1.00
Uranoscopus,guttatus,6.25,80.75,1008:360:2,1.00
Uranoscopus,guttatus,6.25,81.25,1008:361:1,0.97
Uranoscopus,guttatus,6.25,81.75,1008:361:2,0.97
Uranoscopus,guttatus,6.75,81.75,1008:361:4,0.97
Uranoscopus,guttatus,6.75,82.25,1008:362:3,0.97
Uranoscopus,guttatus,7.25,81.75,1008:371:2,0.95
Uranoscopus,guttatus,7.75,81.75,1008:371:4,0.95
Uranoscopus,guttatus,7.25,82.25,1008:372:1,0.95
Uranoscopus,guttatus,8.25,81.25,1008:381:1,0.93
Uranoscopus,guttatus,8.25,81.75,1008:381:2,0.93
Uranoscopus,guttatus,8.75,81.25,1008:381:3,0.93
Uranoscopus,guttatus,8.75,81.75,1008:381:4,0.93
Uranoscopus,guttatus,9.25,80.25,1008:390:1,0.92
Uranoscopus,guttatus,9.25,80.75,1008:390:2,0.98
Uranoscopus,guttatus,9.75,80.25,1008:390:3,0.98
Uranoscopus,guttatus,9.75,80.75,1008:390:4,0.98
Uranoscopus,guttatus,9.25,81.25,1008:391:1,0.95
Uranoscopus,guttatus,0.25,97.75,1009:207:2,0.80
Uranoscopus,guttatus,0.75,97.25,1009:207:3,0.80
Uranoscopus,guttatus,0.75,97.75,1009:207:4,0.80
Uranoscopus,guttatus,0.25,98.25,1009:208:1,0.80
Uranoscopus,guttatus,0.25,98.75,1009:208:2,0.80
Uranoscopus,guttatus,0.75,98.25,1009:208:3,0.80
Uranoscopus,guttatus,0.75,98.75,1009:208:4,0.80
Uranoscopus,guttatus,1.25,97.25,1009:217:1,0.80
Uranoscopus,guttatus,1.25,97.75,1009:217:2,0.80
Uranoscopus,guttatus,1.75,97.25,1009:217:3,0.80
Uranoscopus,guttatus,1.75,97.75,1009:217:4,0.80
Uranoscopus,guttatus,1.25,98.25,1009:218:1,0.80
Uranoscopus,guttatus,1.25,98.75,1009:218:2,0.80
Uranoscopus,guttatus,1.75,98.25,1009:218:3,0.80
Uranoscopus,guttatus,1.75,98.75,1009:218:4,0.80
Uranoscopus,guttatus,2.75,95.25,1009:225:3,0.81
Uranoscopus,guttatus,2.75,95.75,1009:225:4,0.81
Uranoscopus,guttatus,2.25,96.25,1009:226:1,0.80
Uranoscopus,guttatus,2.25,96.75,1009:226:2,0.80
Uranoscopus,guttatus,2.75,96.25,1009:226:3,0.80
Uranoscopus,guttatus,2.75,96.75,1009:226:4,0.80
Uranoscopus,guttatus,2.25,98.25,1009:228:1,0.80
Uranoscopus,guttatus,3.25,95.25,1009:235:1,0.82
Uranoscopus,guttatus,3.25,95.75,1009:235:2,0.82
Uranoscopus,guttatus,3.75,96.25,1009:236:3,0.80
Uranoscopus,guttatus,3.75,96.75,1009:236:4,0.80
Uranoscopus,guttatus,3.25,97.25,1009:237:1,0.80
Uranoscopus,guttatus,3.75,97.25,1009:237:3,0.80
Uranoscopus,guttatus,4.25,95.25,1009:245:1,0.85
Uranoscopus,guttatus,4.25,95.75,1009:245:2,0.85
Uranoscopus,guttatus,4.75,95.25,1009:245:3,0.85
Uranoscopus,guttatus,4.75,95.75,1009:245:4,0.85
Uranoscopus,guttatus,4.25,96.25,1009:246:1,0.84
Uranoscopus,guttatus,4.75,97.75,1009:247:4,0.81
Uranoscopus,guttatus,5.75,94.75,1009:354:4,0.89
Uranoscopus,guttatus,6.75,93.75,1009:363:4,0.94
Uranoscopus,guttatus,7.25,93.75,1009:373:2,0.95
Uranoscopus,guttatus,7.75,93.25,1009:373:3,0.95
Uranoscopus,guttatus,7.75,93.75,1009:373:4,0.95
Uranoscopus,guttatus,8.75,92.75,1009:382:4,0.95
Uranoscopus,guttatus,8.25,93.25,1009:383:1,0.95
Uranoscopus,guttatus,8.25,93.75,1009:383:2,0.95
Uranoscopus,guttatus,8.75,93.25,1009:383:3,0.95
Uranoscopus,guttatus,8.75,93.75,1009:383:4,0.95
Uranoscopus,guttatus,9.25,92.75,1009:392:2,0.95
Uranoscopus,guttatus,9.75,92.75,1009:392:4,0.91
Uranoscopus,guttatus,5.25,95.25,1009:455:1,0.87
Uranoscopus,guttatus,5.75,95.25,1009:455:3,0.87
Uranoscopus,guttatus,5.75,95.75,1009:455:4,0.87
Uranoscopus,guttatus,5.25,96.25,1009:456:1,0.86
Uranoscopus,guttatus,5.25,96.75,1009:456:2,0.86
Uranoscopus,guttatus,5.25,97.25,1009:457:1,0.83
Uranoscopus,guttatus,5.25,97.75,1009:457:2,0.83
Uranoscopus,guttatus,5.75,97.25,1009:457:3,0.83
Uranoscopus,guttatus,5.75,97.75,1009:457:4,0.83
Uranoscopus,guttatus,5.25,98.25,1009:458:1,0.81
Uranoscopus,guttatus,5.25,98.75,1009:458:2,0.81
Uranoscopus,guttatus,5.75,98.25,1009:458:3,0.81
Uranoscopus,guttatus,5.75,98.75,1009:458:4,0.81
Uranoscopus,guttatus,5.25,99.25,1009:459:1,0.80
Uranoscopus,guttatus,5.25,99.75,1009:459:2,0.80
Uranoscopus,guttatus,5.75,99.25,1009:459:3,0.80
Uranoscopus,guttatus,5.75,99.75,1009:459:4,0.80
Uranoscopus,guttatus,6.25,97.75,1009:467:2,0.85
Uranoscopus,guttatus,6.25,98.25,1009:468:1,0.83
Uranoscopus,guttatus,6.25,98.75,1009:468:2,0.83
Uranoscopus,guttatus,6.75,98.25,1009:468:3,0.83
Uranoscopus,guttatus,6.75,98.75,1009:468:4,0.83
Uranoscopus,guttatus,6.25,99.25,1009:469:1,0.82
Uranoscopus,guttatus,6.25,99.75,1009:469:2,0.82
Uranoscopus,guttatus,6.75,99.25,1009:469:3,0.82
Uranoscopus,guttatus,6.75,99.75,1009:469:4,0.82
Uranoscopus,guttatus,7.75,97.75,1009:477:4,0.87
Uranoscopus,guttatus,7.25,98.25,1009:478:1,0.85
Uranoscopus,guttatus,7.25,98.75,1009:478:2,0.85
Uranoscopus,guttatus,7.75,98.25,1009:478:3,0.85
Uranoscopus,guttatus,7.75,98.75,1009:478:4,0.85
Uranoscopus,guttatus,7.25,99.25,1009:479:1,0.84
Uranoscopus,guttatus,7.25,99.75,1009:479:2,0.84
Uranoscopus,guttatus,7.75,99.25,1009:479:3,0.84
Uranoscopus,guttatus,8.25,97.75,1009:487:2,0.89
Uranoscopus,guttatus,8.75,97.25,1009:487:3,0.82
Uranoscopus,guttatus,8.75,97.75,1009:487:4,0.89
Uranoscopus,guttatus,8.25,98.25,1009:488:1,0.87
Uranoscopus,guttatus,8.75,98.25,1009:488:3,0.87
Uranoscopus,guttatus,9.25,97.25,1009:497:1,0.91
Uranoscopus,guttatus,9.25,97.75,1009:497:2,0.91
Uranoscopus,guttatus,9.75,97.25,1009:497:3,0.91
Uranoscopus,guttatus,9.75,97.75,1009:497:4,0.91
Uranoscopus,guttatus,9.25,98.25,1009:498:1,0.89
Uranoscopus,guttatus,9.75,98.25,1009:498:3,0.89
Uranoscopus,guttatus,2.75,101.25,1010:121:3,0.81
Uranoscopus,guttatus,3.25,101.25,1010:131:1,0.81
Uranoscopus,guttatus,15.25,39.75,1103:459:2,0.86
Uranoscopus,guttatus,15.75,39.75,1103:459:4,0.86
Uranoscopus,guttatus,16.25,39.25,1103:469:1,0.85
Uranoscopus,guttatus,16.25,39.75,1103:469:2,0.85
Uranoscopus,guttatus,16.75,39.25,1103:469:3,0.85
Uranoscopus,guttatus,17.25,38.75,1103:478:2,0.89
Uranoscopus,guttatus,17.75,38.75,1103:478:4,0.89
Uranoscopus,guttatus,17.25,39.25,1103:479:1,0.84
Uranoscopus,guttatus,17.25,39.75,1103:479:2,0.84
Uranoscopus,guttatus,17.75,39.25,1103:479:3,0.84
Uranoscopus,guttatus,18.75,37.75,1103:487:4,0.94
Uranoscopus,guttatus,18.25,38.75,1103:488:2,0.91
Uranoscopus,guttatus,18.75,38.25,1103:488:3,0.91
Uranoscopus,guttatus,18.75,38.75,1103:488:4,0.91
Uranoscopus,guttatus,19.25,37.25,1103:497:1,0.97
Uranoscopus,guttatus,19.25,37.75,1103:497:2,0.97
Uranoscopus,guttatus,19.75,37.25,1103:497:3,0.97
Uranoscopus,guttatus,19.75,37.75,1103:497:4,0.97
Uranoscopus,guttatus,19.25,38.25,1103:498:1,0.94
Uranoscopus,guttatus,19.75,38.25,1103:498:3,0.82
Uranoscopus,guttatus,19.25,39.75,1103:499:2,0.88
Uranoscopus,guttatus,19.75,39.75,1103:499:4,0.88
Uranoscopus,guttatus,10.75,43.75,1104:103:4,0.92
Uranoscopus,guttatus,10.25,44.25,1104:104:1,0.99
Uranoscopus,guttatus,10.75,44.25,1104:104:3,0.99
Uranoscopus,guttatus,10.75,44.75,1104:104:4,0.99
Uranoscopus,guttatus,11.25,43.75,1104:113:2,1.00
Uranoscopus,guttatus,11.75,43.25,1104:113:3,1.00
Uranoscopus,guttatus,11.75,43.75,1104:113:4,1.00
Uranoscopus,guttatus,12.25,43.25,1104:123:1,0.92
Uranoscopus,guttatus,12.25,43.75,1104:123:2,0.99
Uranoscopus,guttatus,12.25,44.25,1104:124:1,1.00
Uranoscopus,guttatus,12.25,44.75,1104:124:2,1.00
Uranoscopus,guttatus,12.75,44.75,1104:124:4,0.96
Uranoscopus,guttatus,13.25,42.25,1104:132:1,0.92
Uranoscopus,guttatus,13.75,42.25,1104:132:3,0.94
Uranoscopus,guttatus,13.75,42.75,1104:132:4,0.97
Uranoscopus,guttatus,13.75,43.25,1104:133:3,0.93
Uranoscopus,guttatus,14.75,40.25,1104:140:3,0.88
Uranoscopus,guttatus,14.75,41.75,1104:141:4,0.90
Uranoscopus,guttatus,14.25,42.25,1104:142:1,0.92
Uranoscopus,guttatus,14.25,42.75,1104:142:2,0.92
Uranoscopus,guttatus,14.75,42.25,1104:142:3,0.92
Uranoscopus,guttatus,14.75,42.75,1104:142:4,0.87
Uranoscopus,guttatus,14.25,43.25,1104:143:1,0.83
Uranoscopus,guttatus,10.75,45.25,1104:205:3,0.99
Uranoscopus,guttatus,10.75,45.75,1104:205:4,0.99
Uranoscopus,guttatus,10.75,46.25,1104:206:3,1.00
Uranoscopus,guttatus,10.75,46.75,1104:206:4,1.00
Uranoscopus,guttatus,11.25,47.25,1104:217:1,1.00
Uranoscopus,guttatus,11.25,47.75,1104:217:2,1.00
Uranoscopus,guttatus,11.25,48.25,1104:218:1,1.00
Uranoscopus,guttatus,11.25,48.75,1104:218:2,1.00
Uranoscopus,guttatus,11.25,49.25,1104:219:1,0.88
Uranoscopus,guttatus,11.25,49.75,1104:219:2,0.84
Uranoscopus,guttatus,11.75,49.75,1104:219:4,1.00
Uranoscopus,guttatus,12.75,45.25,1104:225:3,1.00
Uranoscopus,guttatus,12.75,45.75,1104:225:4,1.00
Uranoscopus,guttatus,13.25,45.25,1104:235:1,1.00
Uranoscopus,guttatus,13.25,45.75,1104:235:2,1.00
Uranoscopus,guttatus,13.25,46.25,1104:236:1,1.00
Uranoscopus,guttatus,13.25,46.75,1104:236:2,1.00
Uranoscopus,guttatus,15.25,41.25,1104:351:1,0.86
Uranoscopus,guttatus,15.25,41.75,1104:351:2,0.86
Uranoscopus,guttatus,15.75,41.25,1104:351:3,0.86
Uranoscopus,guttatus,15.75,41.75,1104:351:4,0.86
Uranoscopus,guttatus,15.25,42.25,1104:352:1,0.87
Uranoscopus,guttatus,15.25,42.75,1104:352:2,0.87
Uranoscopus,guttatus,16.25,40.75,1104:360:2,0.83
Uranoscopus,guttatus,16.75,40.25,1104:360:3,0.83
Uranoscopus,guttatus,16.75,40.75,1104:360:4,0.83
Uranoscopus,guttatus,16.25,41.25,1104:361:1,0.83
Uranoscopus,guttatus,16.25,41.75,1104:361:2,0.83
Uranoscopus,guttatus,16.75,41.25,1104:361:3,0.83
Uranoscopus,guttatus,16.75,41.75,1104:361:4,0.83
Uranoscopus,guttatus,16.25,42.25,1104:362:1,0.83
Uranoscopus,guttatus,16.25,42.75,1104:362:2,0.83
Uranoscopus,guttatus,17.25,40.25,1104:370:1,0.82
Uranoscopus,guttatus,17.25,40.75,1104:370:2,0.82
Uranoscopus,guttatus,17.75,40.75,1104:370:4,0.82
Uranoscopus,guttatus,17.25,41.25,1104:371:1,0.80
Uranoscopus,guttatus,17.25,41.75,1104:371:2,0.80
Uranoscopus,guttatus,17.75,41.25,1104:371:3,0.80
Uranoscopus,guttatus,17.75,41.75,1104:371:4,0.80
Uranoscopus,guttatus,17.25,42.25,1104:372:1,0.80
Uranoscopus,guttatus,17.75,42.25,1104:372:3,0.80
Uranoscopus,guttatus,18.25,40.75,1104:380:2,0.81
Uranoscopus,guttatus,18.75,40.25,1104:380:3,0.81
Uranoscopus,guttatus,18.75,40.75,1104:380:4,0.81
Uranoscopus,guttatus,19.25,40.25,1104:390:1,0.83
Uranoscopus,guttatus,19.25,40.75,1104:390:2,0.83
Uranoscopus,guttatus,19.75,40.25,1104:390:3,0.83
Uranoscopus,guttatus,19.75,40.75,1104:390:4,0.83
Uranoscopus,guttatus,11.75,50.75,1105:110:4,0.97
Uranoscopus,guttatus,12.25,50.75,1105:120:2,1.00
Uranoscopus,guttatus,12.25,51.25,1105:121:1,0.84
Uranoscopus,guttatus,14.75,50.75,1105:140:4,0.97
Uranoscopus,guttatus,14.75,51.25,1105:141:3,0.83
Uranoscopus,guttatus,19.25,69.75,1106:499:2,1.00
Uranoscopus,guttatus,19.75,69.75,1106:499:4,1.00
Uranoscopus,guttatus,10.25,72.25,1107:102:1,0.95
Uranoscopus,guttatus,10.75,72.25,1107:102:3,0.95
Uranoscopus,guttatus,10.75,72.75,1107:102:4,0.95
Uranoscopus,guttatus,10.25,73.75,1107:103:2,0.95
Uranoscopus,guttatus,10.75,73.75,1107:103:4,0.95
Uranoscopus,guttatus,11.75,71.75,1107:111:4,0.96
Uranoscopus,guttatus,11.25,72.25,1107:112:1,0.96
Uranoscopus,guttatus,11.25,72.75,1107:112:2,0.96
Uranoscopus,guttatus,11.75,72.25,1107:112:3,0.96
Uranoscopus,guttatus,11.75,72.75,1107:112:4,0.96
Uranoscopus,guttatus,11.75,73.25,1107:113:3,0.96
Uranoscopus,guttatus,11.25,74.75,1107:114:2,0.97
Uranoscopus,guttatus,11.75,74.75,1107:114:4,0.97
Uranoscopus,guttatus,12.25,71.75,1107:121:2,0.98
Uranoscopus,guttatus,12.25,74.25,1107:124:1,0.97
Uranoscopus,guttatus,12.25,74.75,1107:124:2,0.97
Uranoscopus,guttatus,12.75,74.25,1107:124:3,0.97
Uranoscopus,guttatus,13.25,73.75,1107:133:2,0.98
Uranoscopus,guttatus,13.75,73.75,1107:133:4,0.98
Uranoscopus,guttatus,13.25,74.25,1107:134:1,0.97
Uranoscopus,guttatus,14.25,73.25,1107:143:1,0.99
Uranoscopus,guttatus,14.25,73.75,1107:143:2,0.99
Uranoscopus,guttatus,14.75,73.25,1107:143:3,0.99
Uranoscopus,guttatus,10.25,75.75,1107:205:2,0.99
Uranoscopus,guttatus,10.75,75.25,1107:205:3,0.99
Uranoscopus,guttatus,10.25,76.25,1107:206:1,0.99
Uranoscopus,guttatus,10.75,76.25,1107:206:3,0.99
Uranoscopus,guttatus,10.25,79.25,1107:209:1,1.00
Uranoscopus,guttatus,10.75,79.75,1107:209:4,1.00
Uranoscopus,guttatus,11.25,75.25,1107:215:1,0.98
Uranoscopus,guttatus,11.75,75.25,1107:215:3,0.89
Uranoscopus,guttatus,11.25,79.75,1107:219:2,0.92
Uranoscopus,guttatus,11.75,79.75,1107:219:4,0.99
Uranoscopus,guttatus,15.75,72.75,1107:352:4,1.00
Uranoscopus,guttatus,15.25,73.25,1107:353:1,0.96
Uranoscopus,guttatus,16.25,72.75,1107:362:2,1.00
Uranoscopus,guttatus,16.75,72.25,1107:362:3,1.00
Uranoscopus,guttatus,16.75,72.75,1107:362:4,0.85
Uranoscopus,guttatus,17.75,70.75,1107:370:4,1.00
Uranoscopus,guttatus,17.25,71.75,1107:371:2,1.00
Uranoscopus,guttatus,17.75,71.25,1107:371:3,1.00
Uranoscopus,guttatus,17.75,71.75,1107:371:4,1.00
Uranoscopus,guttatus,17.25,72.25,1107:372:1,1.00
Uranoscopus,guttatus,17.75,72.25,1107:372:3,1.00
Uranoscopus,guttatus,18.25,70.75,1107:380:2,1.00
Uranoscopus,guttatus,18.75,70.25,1107:380:3,1.00
Uranoscopus,guttatus,18.25,71.25,1107:381:1,0.93
Uranoscopus,guttatus,18.25,71.75,1107:381:2,1.00
Uranoscopus,guttatus,18.75,71.25,1107:381:3,1.00
Uranoscopus,guttatus,18.75,71.75,1107:381:4,1.00
Uranoscopus,guttatus,18.75,72.25,1107:382:3,0.83
Uranoscopus,guttatus,18.75,72.75,1107:382:4,1.00
Uranoscopus,guttatus,19.75,70.25,1107:390:3,0.83
Uranoscopus,guttatus,19.75,70.75,1107:390:4,1.00
Uranoscopus,guttatus,19.25,71.25,1107:391:1,1.00
Uranoscopus,guttatus,19.25,71.75,1107:391:2,1.00
Uranoscopus,guttatus,19.75,71.25,1107:391:3,1.00
Uranoscopus,guttatus,10.25,80.25,1108:100:1,0.98
Uranoscopus,guttatus,10.25,80.75,1108:100:2,0.98
Uranoscopus,guttatus,10.75,80.25,1108:100:3,0.98
Uranoscopus,guttatus,11.25,80.25,1108:110:1,0.97
Uranoscopus,guttatus,11.75,80.25,1108:110:3,0.97
Uranoscopus,guttatus,12.25,80.25,1108:120:1,0.97
Uranoscopus,guttatus,12.25,80.75,1108:120:2,0.97
Uranoscopus,guttatus,12.75,80.25,1108:120:3,0.97
Uranoscopus,guttatus,12.75,80.75,1108:120:4,0.97
Uranoscopus,guttatus,13.25,80.25,1108:130:1,0.98
Uranoscopus,guttatus,13.25,80.75,1108:130:2,0.98
Uranoscopus,guttatus,13.75,80.25,1108:130:3,0.98
Uranoscopus,guttatus,13.75,80.75,1108:130:4,0.98
Uranoscopus,guttatus,14.25,80.25,1108:140:1,0.99
Uranoscopus,guttatus,14.75,80.25,1108:140:3,0.99
Uranoscopus,guttatus,15.25,80.25,1108:350:1,1.00
Uranoscopus,guttatus,17.25,83.25,1108:373:1,0.86
Uranoscopus,guttatus,17.25,83.75,1108:373:2,0.88
Uranoscopus,guttatus,17.75,83.25,1108:373:3,0.81
Uranoscopus,guttatus,17.75,83.75,1108:373:4,0.88
Uranoscopus,guttatus,17.75,84.25,1108:374:3,0.88
Uranoscopus,guttatus,18.75,85.25,1108:485:3,0.97
Uranoscopus,guttatus,19.25,85.25,1108:495:1,0.80
Uranoscopus,guttatus,10.25,92.25,1109:102:1,0.95
Uranoscopus,guttatus,10.25,92.75,1109:102:2,0.95
Uranoscopus,guttatus,10.75,92.25,1109:102:3,0.95
Uranoscopus,guttatus,10.75,92.75,1109:102:4,0.95
Uranoscopus,guttatus,11.25,92.25,1109:112:1,0.95
Uranoscopus,guttatus,11.25,92.75,1109:112:2,0.95
Uranoscopus,guttatus,11.75,92.25,1109:112:3,0.95
Uranoscopus,guttatus,11.75,92.75,1109:112:4,0.95
Uranoscopus,guttatus,11.25,93.25,1109:113:1,0.95
Uranoscopus,guttatus,11.25,93.75,1109:113:2,0.95
Uranoscopus,guttatus,11.75,93.25,1109:113:3,0.95
Uranoscopus,guttatus,11.75,93.75,1109:113:4,0.95
Uranoscopus,guttatus,12.25,92.25,1109:122:1,0.95
Uranoscopus,guttatus,12.25,92.75,1109:122:2,0.95
Uranoscopus,guttatus,12.75,92.25,1109:122:3,0.95
Uranoscopus,guttatus,12.75,92.75,1109:122:4,0.95
Uranoscopus,guttatus,12.25,93.25,1109:123:1,0.95
Uranoscopus,guttatus,12.25,93.75,1109:123:2,0.95
Uranoscopus,guttatus,12.75,93.25,1109:123:3,0.95
Uranoscopus,guttatus,13.25,92.25,1109:132:1,0.97
Uranoscopus,guttatus,13.25,92.75,1109:132:2,0.97
Uranoscopus,guttatus,13.75,92.75,1109:132:4,0.97
Uranoscopus,guttatus,13.25,93.25,1109:133:1,0.96
Uranoscopus,guttatus,13.75,93.25,1109:133:3,0.96
Uranoscopus,guttatus,13.25,94.25,1109:134:1,0.95
Uranoscopus,guttatus,14.25,93.25,1109:143:1,0.99
Uranoscopus,guttatus,14.25,93.75,1109:143:2,0.99
Uranoscopus,guttatus,14.75,93.25,1109:143:3,0.99
Uranoscopus,guttatus,14.75,93.75,1109:143:4,0.99
Uranoscopus,guttatus,14.25,94.25,1109:144:1,0.85
Uranoscopus,guttatus,14.25,94.75,1109:144:2,0.85
Uranoscopus,guttatus,14.75,94.25,1109:144:3,0.85
Uranoscopus,guttatus,14.75,94.75,1109:144:4,0.85
Uranoscopus,guttatus,10.25,96.75,1109:206:2,0.80
Uranoscopus,guttatus,10.25,97.25,1109:207:1,0.92
Uranoscopus,guttatus,10.25,97.75,1109:207:2,0.92
Uranoscopus,guttatus,10.75,97.25,1109:207:3,0.92
Uranoscopus,guttatus,10.75,97.75,1109:207:4,0.92
Uranoscopus,guttatus,10.25,98.25,1109:208:1,0.91
Uranoscopus,guttatus,10.25,98.75,1109:208:2,0.91
Uranoscopus,guttatus,10.75,98.25,1109:208:3,0.91
Uranoscopus,guttatus,10.75,98.75,1109:208:4,0.91
Uranoscopus,guttatus,11.75,96.75,1109:216:4,0.93
Uranoscopus,guttatus,11.25,97.25,1109:217:1,0.92
Uranoscopus,guttatus,11.25,97.75,1109:217:2,0.92
Uranoscopus,guttatus,11.75,97.25,1109:217:3,0.92
Uranoscopus,guttatus,11.75,97.75,1109:217:4,0.92
Uranoscopus,guttatus,11.25,98.25,1109:218:1,0.91
Uranoscopus,guttatus,11.25,98.75,1109:218:2,0.91
Uranoscopus,guttatus,11.75,98.25,1109:218:3,0.91
Uranoscopus,guttatus,11.75,98.75,1109:218:4,0.91
Uranoscopus,guttatus,12.25,96.75,1109:226:2,0.92
Uranoscopus,guttatus,12.75,96.75,1109:226:4,0.92
Uranoscopus,guttatus,12.25,97.25,1109:227:1,0.92
Uranoscopus,guttatus,12.25,97.75,1109:227:2,0.92
Uranoscopus,guttatus,12.75,97.25,1109:227:3,0.92
Uranoscopus,guttatus,12.75,97.75,1109:227:4,0.92
Uranoscopus,guttatus,12.25,98.25,1109:228:1,0.91
Uranoscopus,guttatus,13.25,96.75,1109:236:2,0.85
Uranoscopus,guttatus,13.75,96.25,1109:236:3,0.85
Uranoscopus,guttatus,13.75,96.75,1109:236:4,0.85
Uranoscopus,guttatus,13.25,97.25,1109:237:1,0.85
Uranoscopus,guttatus,13.25,97.75,1109:237:2,0.85
Uranoscopus,guttatus,13.75,97.25,1109:237:3,0.85
Uranoscopus,guttatus,13.75,97.75,1109:237:4,0.85
Uranoscopus,guttatus,13.25,98.25,1109:238:1,0.85
Uranoscopus,guttatus,13.25,98.75,1109:238:2,0.85
Uranoscopus,guttatus,13.75,98.25,1109:238:3,0.85
Uranoscopus,guttatus,12.75,98.25,1109:228:3,0.91
Uranoscopus,guttatus,17.25,94.75,1109:374:2,0.88
Uranoscopus,guttatus,15.25,93.75,1109:353:2,0.94
Uranoscopus,guttatus,15.75,93.75,1109:353:4,0.94
Uranoscopus,guttatus,16.25,94.25,1109:364:1,0.84
Uranoscopus,guttatus,16.75,94.25,1109:364:3,0.94
Uranoscopus,guttatus,18.25,93.75,1109:383:2,0.81
Uranoscopus,guttatus,18.75,93.25,1109:383:3,0.81
Uranoscopus,guttatus,18.75,93.75,1109:383:4,0.81
Uranoscopus,guttatus,18.25,94.75,1109:384:2,0.80
Uranoscopus,guttatus,18.75,94.25,1109:384:3,0.81
Uranoscopus,guttatus,20.25,39.75,1203:209:2,0.93
Uranoscopus,guttatus,20.25,40.25,1204:100:1,0.91
Uranoscopus,guttatus,23.75,58.75,1205:238:4,0.98
Uranoscopus,guttatus,24.75,56.25,1205:246:3,0.94
Uranoscopus,guttatus,24.75,56.75,1205:246:4,1.00
Uranoscopus,guttatus,24.25,57.25,1205:247:1,1.00
Uranoscopus,guttatus,24.25,57.75,1205:247:2,1.00
Uranoscopus,guttatus,24.75,57.25,1205:247:3,1.00
Uranoscopus,guttatus,26.25,54.75,1205:364:2,0.81
Uranoscopus,guttatus,26.75,54.25,1205:364:3,1.00
Uranoscopus,guttatus,26.75,54.75,1205:364:4,1.00
Uranoscopus,guttatus,25.75,55.75,1205:455:4,1.00
Uranoscopus,guttatus,25.25,56.25,1205:456:1,1.00
Uranoscopus,guttatus,25.25,56.75,1205:456:2,1.00
Uranoscopus,guttatus,25.75,56.25,1205:456:3,1.00
Uranoscopus,guttatus,25.75,56.75,1205:456:4,1.00
Uranoscopus,guttatus,25.25,57.25,1205:457:1,0.87
Uranoscopus,guttatus,25.75,57.25,1205:457:3,1.00
Uranoscopus,guttatus,25.75,57.75,1205:457:4,0.99
Uranoscopus,guttatus,25.25,58.25,1205:458:1,0.82
Uranoscopus,guttatus,25.75,58.25,1205:458:3,0.99
Uranoscopus,guttatus,25.75,58.75,1205:458:4,0.89
Uranoscopus,guttatus,25.25,59.75,1205:459:2,0.99
Uranoscopus,guttatus,26.75,55.25,1205:465:3,1.00
Uranoscopus,guttatus,26.75,55.75,1205:465:4,1.00
Uranoscopus,guttatus,26.25,56.75,1205:466:2,1.00
Uranoscopus,guttatus,26.25,57.25,1205:467:1,0.86
Uranoscopus,guttatus,26.75,57.25,1205:467:3,0.93
Uranoscopus,guttatus,27.25,56.25,1205:476:1,1.00
Uranoscopus,guttatus,20.25,69.25,1206:209:1,1.00
Uranoscopus,guttatus,20.25,69.75,1206:209:2,1.00
Uranoscopus,guttatus,20.75,69.25,1206:209:3,1.00
Uranoscopus,guttatus,25.25,60.75,1206:350:2,0.84
Uranoscopus,guttatus,20.25,70.25,1207:100:1,1.00
Uranoscopus,guttatus,20.25,70.75,1207:100:2,1.00
Uranoscopus,guttatus,20.75,72.25,1207:102:3,1.00
Uranoscopus,guttatus,21.25,72.25,1207:112:1,0.91
Uranoscopus,guttatus,-3.25,39.75,3003:239:2,0.97
Uranoscopus,guttatus,-3.75,39.75,3003:239:4,1.00
Uranoscopus,guttatus,-4.25,39.75,3003:249:2,1.00
Uranoscopus,guttatus,-4.75,39.25,3003:249:3,1.00
Uranoscopus,guttatus,-4.75,39.75,3003:249:4,1.00
Uranoscopus,guttatus,-5.75,38.75,3003:458:4,1.00
Uranoscopus,guttatus,-5.25,39.25,3003:459:1,1.00
Uranoscopus,guttatus,-5.25,39.75,3003:459:2,1.00
Uranoscopus,guttatus,-5.75,39.25,3003:459:3,1.00
Uranoscopus,guttatus,-5.75,39.75,3003:459:4,1.00
Uranoscopus,guttatus,-6.25,38.75,3003:468:2,1.00
Uranoscopus,guttatus,-6.25,39.25,3003:469:1,1.00
Uranoscopus,guttatus,-6.25,39.75,3003:469:2,1.00
Uranoscopus,guttatus,-6.75,39.25,3003:469:3,1.00
Uranoscopus,guttatus,-6.75,39.75,3003:469:4,1.00
Uranoscopus,guttatus,-7.25,39.75,3003:479:2,1.00
Uranoscopus,guttatus,-7.75,39.25,3003:479:3,1.00
Uranoscopus,guttatus,-7.75,39.75,3003:479:4,1.00
Uranoscopus,guttatus,-8.25,39.75,3003:489:2,1.00
Uranoscopus,guttatus,-8.75,39.25,3003:489:3,1.00
Uranoscopus,guttatus,-8.75,39.75,3003:489:4,1.00
Uranoscopus,guttatus,-9.25,39.75,3003:499:2,1.00
Uranoscopus,guttatus,-9.75,39.75,3003:499:4,1.00
Uranoscopus,guttatus,-2.25,40.75,3004:120:2,0.88
Uranoscopus,guttatus,-2.75,40.25,3004:120:3,0.88
Uranoscopus,guttatus,-2.75,40.75,3004:120:4,0.88
Uranoscopus,guttatus,-3.25,40.25,3004:130:1,1.00
Uranoscopus,guttatus,-3.75,40.25,3004:130:3,1.00
Uranoscopus,guttatus,-6.75,40.25,3004:360:3,1.00
Uranoscopus,guttatus,-9.75,40.25,3004:390:3,1.00
Uranoscopus,guttatus,-3.75,54.75,3005:134:4,0.91
Uranoscopus,guttatus,-4.75,53.25,3005:143:3,1.00
Uranoscopus,guttatus,-4.25,54.25,3005:144:1,1.00
Uranoscopus,guttatus,-4.75,54.25,3005:144:3,1.00
Uranoscopus,guttatus,-4.75,54.75,3005:144:4,1.00
Uranoscopus,guttatus,-3.75,55.25,3005:235:3,0.92
Uranoscopus,guttatus,-3.75,55.75,3005:235:4,0.94
Uranoscopus,guttatus,-3.75,56.25,3005:236:3,0.83
Uranoscopus,guttatus,-4.75,55.25,3005:245:3,1.00
Uranoscopus,guttatus,-4.25,56.25,3005:246:1,0.96
Uranoscopus,guttatus,-5.75,52.75,3005:352:4,1.00
Uranoscopus,guttatus,-5.25,53.25,3005:353:1,1.00
Uranoscopus,guttatus,-5.75,53.25,3005:353:3,1.00
Uranoscopus,guttatus,-5.75,53.75,3005:353:4,1.00
Uranoscopus,guttatus,-6.25,52.75,3005:362:2,1.00
Uranoscopus,guttatus,-6.25,53.25,3005:363:1,1.00
Uranoscopus,guttatus,-7.25,52.75,3005:372:2,1.00
Uranoscopus,guttatus,-5.25,55.25,3005:455:1,1.00
Uranoscopus,guttatus,-5.25,55.75,3005:455:2,1.00
Uranoscopus,guttatus,-5.75,55.25,3005:455:3,1.00
Uranoscopus,guttatus,-5.25,56.25,3005:456:1,0.99
Uranoscopus,guttatus,-5.75,56.25,3005:456:3,0.91
Uranoscopus,guttatus,-6.25,56.25,3005:466:1,0.84
Uranoscopus,guttatus,-7.25,56.25,3005:476:1,0.80
Uranoscopus,guttatus,-8.75,60.25,3006:380:3,0.96
Uranoscopus,guttatus,-9.25,60.25,3006:390:1,1.00
Uranoscopus,guttatus,-9.75,61.25,3006:391:3,1.00
Uranoscopus,guttatus,-5.75,71.75,3007:351:4,0.93
Uranoscopus,guttatus,-5.25,72.25,3007:352:1,0.84
Uranoscopus,guttatus,-5.75,72.25,3007:352:3,1.00
Uranoscopus,guttatus,-5.75,72.75,3007:352:4,0.84
Uranoscopus,guttatus,-6.25,71.25,3007:361:1,0.82
Uranoscopus,guttatus,-6.75,71.25,3007:361:3,0.81
Uranoscopus,guttatus,-6.75,72.25,3007:362:3,0.80
Uranoscopus,guttatus,-7.25,71.25,3007:371:1,0.89
Uranoscopus,guttatus,-0.25,97.75,3009:207:2,0.81
Uranoscopus,guttatus,-0.25,98.25,3009:208:1,0.81
Uranoscopus,guttatus,-0.25,98.75,3009:208:2,0.81
Uranoscopus,guttatus,-0.75,98.25,3009:208:3,0.81
Uranoscopus,guttatus,-0.75,98.75,3009:208:4,0.81
Uranoscopus,guttatus,-0.25,99.25,3009:209:1,0.81
Uranoscopus,guttatus,-0.75,99.25,3009:209:3,0.81
Uranoscopus,guttatus,-1.25,98.75,3009:218:2,0.82
Uranoscopus,guttatus,-1.75,98.75,3009:218:4,0.82
Uranoscopus,guttatus,-1.25,99.25,3009:219:1,0.81
Uranoscopus,guttatus,-1.75,99.25,3009:219:3,0.81
Uranoscopus,guttatus,-1.75,99.75,3009:219:4,0.81
Uranoscopus,guttatus,-2.25,99.25,3009:229:1,0.83
Uranoscopus,guttatus,-2.25,99.75,3009:229:2,0.83
Uranoscopus,guttatus,-2.75,99.75,3009:229:4,0.83
Uranoscopus,guttatus,-0.75,100.25,3010:100:3,0.81
Uranoscopus,guttatus,-1.25,100.25,3010:110:1,0.80
Uranoscopus,guttatus,-1.25,100.75,3010:110:2,0.80
Uranoscopus,guttatus,-1.75,100.25,3010:110:3,0.80
Uranoscopus,guttatus,-1.75,100.75,3010:110:4,0.80
Uranoscopus,guttatus,-2.25,100.25,3010:120:1,0.81
Uranoscopus,guttatus,-2.25,100.75,3010:120:2,0.81
Uranoscopus,guttatus,-2.75,100.25,3010:120:3,0.81
Uranoscopus,guttatus,-2.75,100.75,3010:120:4,0.81
Uranoscopus,guttatus,-2.75,101.25,3010:121:3,0.83
Uranoscopus,guttatus,-3.25,100.25,3010:130:1,0.85
Uranoscopus,guttatus,-3.25,100.75,3010:130:2,0.85
Uranoscopus,guttatus,-3.75,100.75,3010:130:4,0.85
Uranoscopus,guttatus,-3.25,101.25,3010:131:1,0.85
Uranoscopus,guttatus,-3.25,101.75,3010:131:2,0.85
Uranoscopus,guttatus,-3.75,101.25,3010:131:3,0.85
Uranoscopus,guttatus,-3.75,101.75,3010:131:4,0.84
Uranoscopus,guttatus,-3.75,102.25,3010:132:3,0.88
Uranoscopus,guttatus,-4.25,101.25,3010:141:1,0.90
Uranoscopus,guttatus,-4.75,101.25,3010:141:3,0.87
Uranoscopus,guttatus,-4.25,102.25,3010:142:1,0.91
Uranoscopus,guttatus,-4.25,102.75,3010:142:2,0.91
Uranoscopus,guttatus,-4.75,102.75,3010:142:4,0.91
Uranoscopus,guttatus,-4.75,103.25,3010:143:3,0.92
Uranoscopus,guttatus,-4.75,103.75,3010:143:4,0.92
Uranoscopus,guttatus,-5.25,102.25,3010:352:1,0.94
Uranoscopus,guttatus,-5.25,102.75,3010:352:2,0.94
Uranoscopus,guttatus,-5.75,102.25,3010:352:3,0.88
Uranoscopus,guttatus,-5.75,102.75,3010:352:4,0.94
Uranoscopus,guttatus,-5.25,103.75,3010:353:2,0.94
Uranoscopus,guttatus,-5.25,104.25,3010:354:1,0.93
Uranoscopus,guttatus,-5.75,104.25,3010:354:3,0.93
Uranoscopus,guttatus,-6.25,104.75,3010:364:2,0.96
Uranoscopus,guttatus,-6.75,105.25,3010:465:3,0.96
Uranoscopus,guttatus,-6.75,105.75,3010:465:4,0.96
Uranoscopus,guttatus,-6.75,106.25,3010:466:3,0.96
Uranoscopus,guttatus,-7.25,105.25,3010:475:1,1.00
Uranoscopus,guttatus,-7.25,105.75,3010:475:2,1.00
Uranoscopus,guttatus,-7.25,106.25,3010:476:1,1.00
Uranoscopus,guttatus,-7.25,106.75,3010:476:2,1.00
Uranoscopus,guttatus,-7.75,106.75,3010:476:4,1.00
Uranoscopus,guttatus,-7.25,107.25,3010:477:1,1.00
Uranoscopus,guttatus,-7.75,107.75,3010:477:4,1.00
Uranoscopus,guttatus,-7.75,108.25,3010:478:3,1.00
Uranoscopus,guttatus,-7.75,108.75,3010:478:4,1.00
Uranoscopus,guttatus,-7.75,109.25,3010:479:3,1.00
Uranoscopus,guttatus,-7.75,109.75,3010:479:4,1.00
Uranoscopus,guttatus,-8.25,108.25,3010:488:1,1.00
Uranoscopus,guttatus,-8.25,108.75,3010:488:2,1.00
Uranoscopus,guttatus,-8.25,109.25,3010:489:1,1.00
Uranoscopus,guttatus,-8.25,109.75,3010:489:2,0.91
Uranoscopus,guttatus,-7.75,110.25,3011:370:3,1.00
Uranoscopus,guttatus,-8.25,110.25,3011:380:1,1.00
Uranoscopus,guttatus,-8.25,110.75,3011:380:2,1.00
Uranoscopus,guttatus,-8.25,111.25,3011:381:1,1.00
Uranoscopus,guttatus,-8.25,111.75,3011:381:2,1.00
Uranoscopus,guttatus,-8.25,112.25,3011:382:1,1.00
Uranoscopus,guttatus,-8.25,112.75,3011:382:2,1.00
Uranoscopus,guttatus,-8.25,113.25,3011:383:1,1.00
Uranoscopus,guttatus,-8.25,113.75,3011:383:2,1.00
Uranoscopus,guttatus,-8.75,113.25,3011:383:3,1.00
Uranoscopus,guttatus,-8.75,113.75,3011:383:4,1.00
Uranoscopus,guttatus,-8.25,114.25,3011:384:1,1.00
Uranoscopus,guttatus,-8.25,114.75,3011:384:2,1.00
Uranoscopus,guttatus,-8.75,114.25,3011:384:3,1.00
Uranoscopus,guttatus,-8.75,114.75,3011:384:4,1.00
Uranoscopus,guttatus,-8.25,115.25,3011:485:1,1.00
Uranoscopus,guttatus,-8.25,115.75,3011:485:2,1.00
Uranoscopus,guttatus,-8.75,115.25,3011:485:3,1.00
Uranoscopus,guttatus,-8.75,115.75,3011:485:4,1.00
Uranoscopus,guttatus,-8.25,116.25,3011:486:1,1.00
Uranoscopus,guttatus,-8.25,116.75,3011:486:2,1.00
Uranoscopus,guttatus,-8.75,116.25,3011:486:3,1.00
Uranoscopus,guttatus,-8.75,116.75,3011:486:4,1.00
Uranoscopus,guttatus,-8.25,117.25,3011:487:1,1.00
Uranoscopus,guttatus,-8.25,117.75,3011:487:2,1.00
Uranoscopus,guttatus,-8.75,117.75,3011:487:4,1.00
Uranoscopus,guttatus,-8.25,118.25,3011:488:1,1.00
Uranoscopus,guttatus,-8.25,118.75,3011:488:2,1.00
Uranoscopus,guttatus,-8.75,118.25,3011:488:3,1.00
Uranoscopus,guttatus,-8.75,118.75,3011:488:4,1.00
Uranoscopus,guttatus,-8.25,119.25,3011:489:1,1.00
Uranoscopus,guttatus,-8.25,119.75,3011:489:2,1.00
Uranoscopus,guttatus,-8.75,119.25,3011:489:3,1.00
Uranoscopus,guttatus,-8.75,119.75,3011:489:4,1.00
Uranoscopus,guttatus,-9.25,116.75,3011:496:2,1.00
Uranoscopus,guttatus,-9.25,117.25,3011:497:1,1.00
Uranoscopus,guttatus,-9.25,117.75,3011:497:2,1.00
Uranoscopus,guttatus,-9.25,118.75,3011:498:2,1.00
Uranoscopus,guttatus,-9.75,118.75,3011:498:4,1.00
Uranoscopus,guttatus,-9.25,119.25,3011:499:1,1.00
Uranoscopus,guttatus,-9.25,119.75,3011:499:2,1.00
Uranoscopus,guttatus,-9.75,119.25,3011:499:3,1.00
Uranoscopus,guttatus,-9.75,119.75,3011:499:4,1.00
Uranoscopus,guttatus,-8.25,120.25,3012:380:1,1.00
Uranoscopus,guttatus,-8.25,120.75,3012:380:2,1.00
Uranoscopus,guttatus,-8.75,120.25,3012:380:3,1.00
Uranoscopus,guttatus,-8.75,120.75,3012:380:4,1.00
Uranoscopus,guttatus,-8.25,121.25,3012:381:1,1.00
Uranoscopus,guttatus,-8.25,121.75,3012:381:2,1.00
Uranoscopus,guttatus,-8.75,121.25,3012:381:3,1.00
Uranoscopus,guttatus,-8.75,121.75,3012:381:4,1.00
Uranoscopus,guttatus,-8.25,122.25,3012:382:1,0.99
Uranoscopus,guttatus,-8.25,122.75,3012:382:2,0.99
Uranoscopus,guttatus,-8.75,122.25,3012:382:3,0.99
Uranoscopus,guttatus,-8.75,122.75,3012:382:4,0.99
Uranoscopus,guttatus,-8.25,123.25,3012:383:1,0.97
Uranoscopus,guttatus,-8.25,123.75,3012:383:2,0.97
Uranoscopus,guttatus,-8.75,123.25,3012:383:3,0.97
Uranoscopus,guttatus,-8.75,123.75,3012:383:4,0.97
Uranoscopus,guttatus,-8.25,124.25,3012:384:1,0.97
Uranoscopus,guttatus,-8.25,124.75,3012:384:2,0.97
Uranoscopus,guttatus,-8.75,124.25,3012:384:3,0.97
Uranoscopus,guttatus,-8.75,124.75,3012:384:4,0.97
Uranoscopus,guttatus,-9.25,120.25,3012:390:1,1.00
Uranoscopus,guttatus,-9.25,120.75,3012:390:2,1.00
Uranoscopus,guttatus,-9.75,120.25,3012:390:3,1.00
Uranoscopus,guttatus,-9.75,120.75,3012:390:4,1.00
Uranoscopus,guttatus,-9.25,123.75,3012:393:2,0.97
Uranoscopus,guttatus,-9.75,123.75,3012:393:4,0.97
Uranoscopus,guttatus,-9.25,124.25,3012:394:1,0.96
Uranoscopus,guttatus,-9.25,124.75,3012:394:2,0.96
Uranoscopus,guttatus,-9.75,124.75,3012:394:4,0.96
Uranoscopus,guttatus,-8.25,125.25,3012:485:1,0.97
Uranoscopus,guttatus,-8.25,125.75,3012:485:2,0.97
Uranoscopus,guttatus,-8.75,125.25,3012:485:3,0.97
Uranoscopus,guttatus,-8.25,126.25,3012:486:1,0.98
Uranoscopus,guttatus,-8.25,126.75,3012:486:2,0.98
Uranoscopus,guttatus,-8.75,126.25,3012:486:3,0.98
Uranoscopus,guttatus,-8.75,126.75,3012:486:4,0.98
Uranoscopus,guttatus,-8.25,127.25,3012:487:1,1.00
Uranoscopus,guttatus,-8.25,127.75,3012:487:2,1.00
Uranoscopus,guttatus,-8.75,127.25,3012:487:3,1.00
Uranoscopus,guttatus,-8.25,128.25,3012:488:1,1.00
Uranoscopus,guttatus,-8.25,128.75,3012:488:2,1.00
Uranoscopus,guttatus,-9.25,125.25,3012:495:1,0.96
Uranoscopus,guttatus,-9.25,125.75,3012:495:2,0.96
Uranoscopus,guttatus,-9.75,125.25,3012:495:3,0.96
Uranoscopus,guttatus,-9.25,126.25,3012:496:1,0.96
Uranoscopus,guttatus,-9.75,127.25,3012:497:3,0.97
Uranoscopus,guttatus,-9.75,127.75,3012:497:4,0.97
Uranoscopus,guttatus,-9.25,128.25,3012:498:1,0.98
Uranoscopus,guttatus,-9.25,128.75,3012:498:2,0.98
Uranoscopus,guttatus,-9.75,128.25,3012:498:3,0.98
Uranoscopus,guttatus,-9.75,128.75,3012:498:4,0.98
Uranoscopus,guttatus,-10.25,39.75,3103:209:2,1.00
Uranoscopus,guttatus,-16.75,39.25,3103:469:3,0.92
Uranoscopus,guttatus,-16.75,39.75,3103:469:4,0.92
Uranoscopus,guttatus,-10.25,40.25,3104:100:1,1.00
Uranoscopus,guttatus,-10.25,40.75,3104:100:2,1.00
Uranoscopus,guttatus,-10.75,40.75,3104:100:4,1.00
Uranoscopus,guttatus,-11.25,40.25,3104:110:1,1.00
Uranoscopus,guttatus,-11.25,40.75,3104:110:2,1.00
Uranoscopus,guttatus,-11.75,40.25,3104:110:3,1.00
Uranoscopus,guttatus,-11.75,40.75,3104:110:4,1.00
Uranoscopus,guttatus,-12.25,40.75,3104:120:2,1.00
Uranoscopus,guttatus,-12.75,40.25,3104:120:3,1.00
Uranoscopus,guttatus,-12.75,40.75,3104:120:4,1.00
Uranoscopus,guttatus,-12.25,43.75,3104:123:2,1.00
Uranoscopus,guttatus,-12.25,44.25,3104:124:1,0.98
Uranoscopus,guttatus,-12.25,44.75,3104:124:2,1.00
Uranoscopus,guttatus,-12.75,44.75,3104:124:4,1.00
Uranoscopus,guttatus,-13.25,40.75,3104:130:2,1.00
Uranoscopus,guttatus,-13.75,40.75,3104:130:4,1.00
Uranoscopus,guttatus,-14.25,40.75,3104:140:2,1.00
Uranoscopus,guttatus,-14.75,40.75,3104:140:4,1.00
Uranoscopus,guttatus,-12.75,45.25,3104:225:3,1.00
Uranoscopus,guttatus,-12.25,46.75,3104:226:2,1.00
Uranoscopus,guttatus,-12.25,47.75,3104:227:2,1.00
Uranoscopus,guttatus,-12.75,47.75,3104:227:4,1.00
Uranoscopus,guttatus,-12.25,48.25,3104:228:1,1.00
Uranoscopus,guttatus,-12.25,48.75,3104:228:2,1.00
Uranoscopus,guttatus,-12.75,48.25,3104:228:3,1.00
Uranoscopus,guttatus,-12.75,48.75,3104:228:4,1.00
Uranoscopus,guttatus,-13.25,45.25,3104:235:1,1.00
Uranoscopus,guttatus,-13.25,47.75,3104:237:2,1.00
Uranoscopus,guttatus,-13.75,47.75,3104:237:4,1.00
Uranoscopus,guttatus,-13.25,48.25,3104:238:1,1.00
Uranoscopus,guttatus,-13.25,48.75,3104:238:2,1.00
Uranoscopus,guttatus,-13.75,48.25,3104:238:3,1.00
Uranoscopus,guttatus,-14.25,47.75,3104:247:2,1.00
Uranoscopus,guttatus,-14.75,47.25,3104:247:3,1.00
Uranoscopus,guttatus,-14.75,47.75,3104:247:4,1.00
Uranoscopus,guttatus,-15.25,40.75,3104:350:2,1.00
Uranoscopus,guttatus,-15.75,40.25,3104:350:3,1.00
Uranoscopus,guttatus,-15.75,40.75,3104:350:4,1.00
Uranoscopus,guttatus,-15.75,44.75,3104:354:4,1.00
Uranoscopus,guttatus,-16.25,40.25,3104:360:1,1.00
Uranoscopus,guttatus,-16.75,40.25,3104:360:3,1.00
Uranoscopus,guttatus,-16.75,42.75,3104:362:4,1.00
Uranoscopus,guttatus,-16.75,43.25,3104:363:3,0.99
Uranoscopus,guttatus,-16.75,43.75,3104:363:4,1.00
Uranoscopus,guttatus,-16.25,44.75,3104:364:2,1.00
Uranoscopus,guttatus,-16.75,44.25,3104:364:3,1.00
Uranoscopus,guttatus,-17.25,42.75,3104:372:2,1.00
Uranoscopus,guttatus,-17.25,43.25,3104:373:1,1.00
Uranoscopus,guttatus,-17.25,43.75,3104:373:2,0.97
Uranoscopus,guttatus,-17.75,43.75,3104:373:4,0.84
Uranoscopus,guttatus,-18.25,43.75,3104:383:2,0.97
Uranoscopus,guttatus,-18.75,43.75,3104:383:4,1.00
Uranoscopus,guttatus,-18.75,44.25,3104:384:3,0.91
Uranoscopus,guttatus,-15.75,45.25,3104:455:3,1.00
Uranoscopus,guttatus,-15.25,46.25,3104:456:1,1.00
Uranoscopus,guttatus,-15.25,46.75,3104:456:2,1.00
Uranoscopus,guttatus,-15.75,46.25,3104:456:3,0.92
Uranoscopus,guttatus,-15.25,47.25,3104:457:1,1.00
Uranoscopus,guttatus,-16.25,45.25,3104:465:1,0.88
Uranoscopus,guttatus,-10.25,105.75,3110:205:2,0.97
Uranoscopus,guttatus,-10.75,105.75,3110:205:4,0.81
Uranoscopus,guttatus,-10.25,119.75,3111:209:2,1.00
Uranoscopus,guttatus,-16.75,119.75,3111:469:4,0.90
Uranoscopus,guttatus,-17.25,118.75,3111:478:2,0.90
Uranoscopus,guttatus,-17.75,118.75,3111:478:4,1.00
Uranoscopus,guttatus,-17.25,119.25,3111:479:1,1.00
Uranoscopus,guttatus,-17.25,119.75,3111:479:2,1.00
Uranoscopus,guttatus,-17.75,119.25,3111:479:3,1.00
Uranoscopus,guttatus,-17.75,119.75,3111:479:4,1.00
Uranoscopus,guttatus,-18.75,117.25,3111:487:3,0.89
Uranoscopus,guttatus,-18.75,117.75,3111:487:4,1.00
Uranoscopus,guttatus,-18.25,118.25,3111:488:1,0.95
Uranoscopus,guttatus,-18.25,118.75,3111:488:2,1.00
Uranoscopus,guttatus,-18.75,118.25,3111:488:3,1.00
Uranoscopus,guttatus,-18.75,118.75,3111:488:4,1.00
Uranoscopus,guttatus,-18.25,119.25,3111:489:1,1.00
Uranoscopus,guttatus,-18.25,119.75,3111:489:2,1.00
Uranoscopus,guttatus,-18.75,119.25,3111:489:3,1.00
Uranoscopus,guttatus,-18.75,119.75,3111:489:4,1.00
Uranoscopus,guttatus,-19.25,119.25,3111:499:1,1.00
Uranoscopus,guttatus,-19.25,119.75,3111:499:2,1.00
Uranoscopus,guttatus,-10.25,120.25,3112:100:1,1.00
Uranoscopus,guttatus,-10.25,120.75,3112:100:2,1.00
Uranoscopus,guttatus,-10.25,121.25,3112:101:1,1.00
Uranoscopus,guttatus,-10.25,121.75,3112:101:2,1.00
Uranoscopus,guttatus,-10.75,121.25,3112:101:3,1.00
Uranoscopus,guttatus,-10.75,121.75,3112:101:4,1.00
Uranoscopus,guttatus,-10.25,122.25,3112:102:1,1.00
Uranoscopus,guttatus,-10.75,122.25,3112:102:3,1.00
Uranoscopus,guttatus,-10.75,122.75,3112:102:4,1.00
Uranoscopus,guttatus,-10.25,123.25,3112:103:1,0.97
Uranoscopus,guttatus,-10.25,123.75,3112:103:2,0.97
Uranoscopus,guttatus,-10.75,123.25,3112:103:3,0.97
Uranoscopus,guttatus,-10.75,123.75,3112:103:4,0.97
Uranoscopus,guttatus,-10.25,124.25,3112:104:1,0.96
Uranoscopus,guttatus,-10.25,124.75,3112:104:2,0.96
Uranoscopus,guttatus,-11.25,122.75,3112:112:2,0.92
Uranoscopus,guttatus,-11.75,123.25,3112:113:3,0.96
Uranoscopus,guttatus,-11.75,123.75,3112:113:4,0.96
Uranoscopus,guttatus,-11.25,124.25,3112:114:1,0.82
Uranoscopus,guttatus,-11.25,124.75,3112:114:2,0.95
Uranoscopus,guttatus,-11.75,124.25,3112:114:3,0.95
Uranoscopus,guttatus,-11.75,124.75,3112:114:4,0.95
Uranoscopus,guttatus,-12.25,122.75,3112:122:2,0.90
Uranoscopus,guttatus,-12.25,123.25,3112:123:1,0.95
Uranoscopus,guttatus,-12.25,123.75,3112:123:2,0.95
Uranoscopus,guttatus,-12.75,123.75,3112:123:4,0.95
Uranoscopus,guttatus,-12.25,124.25,3112:124:1,0.95
Uranoscopus,guttatus,-12.25,124.75,3112:124:2,0.95
Uranoscopus,guttatus,-12.75,124.25,3112:124:3,0.95
Uranoscopus,guttatus,-12.75,124.75,3112:124:4,0.95
Uranoscopus,guttatus,-13.25,123.75,3112:133:2,0.97
Uranoscopus,guttatus,-13.75,123.25,3112:133:3,0.97
Uranoscopus,guttatus,-13.75,123.75,3112:133:4,0.97
Uranoscopus,guttatus,-13.25,124.25,3112:134:1,0.97
Uranoscopus,guttatus,-13.25,124.75,3112:134:2,0.97
Uranoscopus,guttatus,-13.75,124.25,3112:134:3,0.97
Uranoscopus,guttatus,-13.75,124.75,3112:134:4,0.97
Uranoscopus,guttatus,-14.25,121.75,3112:141:2,1.00
Uranoscopus,guttatus,-14.75,121.75,3112:141:4,0.84
Uranoscopus,guttatus,-14.25,122.25,3112:142:1,0.98
Uranoscopus,guttatus,-14.25,122.75,3112:142:2,0.96
Uranoscopus,guttatus,-14.75,122.25,3112:142:3,1.00
Uranoscopus,guttatus,-14.75,122.75,3112:142:4,1.00
Uranoscopus,guttatus,-14.25,123.25,3112:143:1,1.00
Uranoscopus,guttatus,-14.25,123.75,3112:143:2,1.00
Uranoscopus,guttatus,-14.75,123.25,3112:143:3,1.00
Uranoscopus,guttatus,-14.75,123.75,3112:143:4,1.00
Uranoscopus,guttatus,-14.25,124.25,3112:144:1,1.00
Uranoscopus,guttatus,-14.25,124.75,3112:144:2,1.00
Uranoscopus,guttatus,-14.75,124.25,3112:144:3,1.00
Uranoscopus,guttatus,-14.75,124.75,3112:144:4,1.00
Uranoscopus,guttatus,-10.75,125.75,3112:205:4,0.95
Uranoscopus,guttatus,-10.25,126.75,3112:206:2,0.95
Uranoscopus,guttatus,-10.75,126.25,3112:206:3,0.95
Uranoscopus,guttatus,-10.75,126.75,3112:206:4,0.95
Uranoscopus,guttatus,-10.25,127.25,3112:207:1,0.95
Uranoscopus,guttatus,-10.75,127.25,3112:207:3,0.95
Uranoscopus,guttatus,-10.75,127.75,3112:207:4,0.95
Uranoscopus,guttatus,-10.25,128.75,3112:208:2,0.95
Uranoscopus,guttatus,-10.75,128.25,3112:208:3,0.95
Uranoscopus,guttatus,-10.75,128.75,3112:208:4,0.95
Uranoscopus,guttatus,-11.25,125.25,3112:215:1,0.94
Uranoscopus,guttatus,-11.25,125.75,3112:215:2,0.94
Uranoscopus,guttatus,-11.75,125.25,3112:215:3,0.94
Uranoscopus,guttatus,-11.75,125.75,3112:215:4,0.94
Uranoscopus,guttatus,-11.25,126.25,3112:216:1,0.93
Uranoscopus,guttatus,-11.25,126.75,3112:216:2,0.93
Uranoscopus,guttatus,-11.75,126.25,3112:216:3,0.93
Uranoscopus,guttatus,-11.75,126.75,3112:216:4,0.93
Uranoscopus,guttatus,-11.25,127.25,3112:217:1,0.93
Uranoscopus,guttatus,-11.25,127.75,3112:217:2,0.93
Uranoscopus,guttatus,-11.75,127.25,3112:217:3,0.93
Uranoscopus,guttatus,-11.75,127.75,3112:217:4,0.93
Uranoscopus,guttatus,-11.25,128.25,3112:218:1,0.93
Uranoscopus,guttatus,-11.25,128.75,3112:218:2,0.93
Uranoscopus,guttatus,-11.75,128.25,3112:218:3,0.93
Uranoscopus,guttatus,-11.75,128.75,3112:218:4,0.93
Uranoscopus,guttatus,-12.25,125.25,3112:225:1,0.94
Uranoscopus,guttatus,-12.25,125.75,3112:225:2,0.94
Uranoscopus,guttatus,-12.75,125.25,3112:225:3,0.94
Uranoscopus,guttatus,-12.75,125.75,3112:225:4,0.94
Uranoscopus,guttatus,-12.25,126.25,3112:226:1,0.92
Uranoscopus,guttatus,-12.25,126.75,3112:226:2,0.92
Uranoscopus,guttatus,-12.75,126.25,3112:226:3,0.92
Uranoscopus,guttatus,-12.75,126.75,3112:226:4,0.92
Uranoscopus,guttatus,-12.25,127.25,3112:227:1,0.92
Uranoscopus,guttatus,-12.25,127.75,3112:227:2,0.92
Uranoscopus,guttatus,-12.75,127.25,3112:227:3,0.92
Uranoscopus,guttatus,-12.75,127.75,3112:227:4,0.92
Uranoscopus,guttatus,-12.25,128.25,3112:228:1,0.92
Uranoscopus,guttatus,-12.25,128.75,3112:228:2,0.92
Uranoscopus,guttatus,-12.75,128.25,3112:228:3,0.92
Uranoscopus,guttatus,-12.75,128.75,3112:228:4,0.92
Uranoscopus,guttatus,-13.25,125.25,3112:235:1,0.96
Uranoscopus,guttatus,-13.25,125.75,3112:235:2,0.96
Uranoscopus,guttatus,-13.75,125.25,3112:235:3,0.96
Uranoscopus,guttatus,-13.75,125.75,3112:235:4,0.96
Uranoscopus,guttatus,-13.25,126.25,3112:236:1,0.94
Uranoscopus,guttatus,-13.25,126.75,3112:236:2,0.94
Uranoscopus,guttatus,-13.75,126.75,3112:236:4,0.94
Uranoscopus,guttatus,-13.25,127.25,3112:237:1,0.93
Uranoscopus,guttatus,-13.25,127.75,3112:237:2,0.93
Uranoscopus,guttatus,-13.75,127.25,3112:237:3,0.86
Uranoscopus,guttatus,-13.75,127.75,3112:237:4,0.93
Uranoscopus,guttatus,-13.25,128.25,3112:238:1,0.94
Uranoscopus,guttatus,-13.25,128.75,3112:238:2,0.94
Uranoscopus,guttatus,-13.75,128.25,3112:238:3,0.94
Uranoscopus,guttatus,-13.75,128.75,3112:238:4,0.94
Uranoscopus,guttatus,-14.25,125.25,3112:245:1,1.00
Uranoscopus,guttatus,-14.25,125.75,3112:245:2,1.00
Uranoscopus,guttatus,-14.25,126.25,3112:246:1,0.97
Uranoscopus,guttatus,-14.25,126.75,3112:246:2,0.85
Uranoscopus,guttatus,-14.25,127.75,3112:247:2,0.91
Uranoscopus,guttatus,-15.25,121.75,3112:351:2,1.00
Uranoscopus,guttatus,-15.75,121.25,3112:351:3,1.00
Uranoscopus,guttatus,-15.75,121.75,3112:351:4,1.00
Uranoscopus,guttatus,-15.25,122.25,3112:352:1,1.00
Uranoscopus,guttatus,-15.25,122.75,3112:352:2,1.00
Uranoscopus,guttatus,-15.75,122.25,3112:352:3,1.00
Uranoscopus,guttatus,-15.75,122.75,3112:352:4,1.00
Uranoscopus,guttatus,-15.25,123.25,3112:353:1,1.00
Uranoscopus,guttatus,-15.25,123.75,3112:353:2,1.00
Uranoscopus,guttatus,-15.75,123.25,3112:353:3,1.00
Uranoscopus,guttatus,-16.25,120.75,3112:360:2,1.00
Uranoscopus,guttatus,-16.75,120.75,3112:360:4,1.00
Uranoscopus,guttatus,-16.25,121.25,3112:361:1,1.00
Uranoscopus,guttatus,-16.25,121.75,3112:361:2,1.00
Uranoscopus,guttatus,-16.75,121.25,3112:361:3,1.00
Uranoscopus,guttatus,-16.75,121.75,3112:361:4,1.00
Uranoscopus,guttatus,-16.25,122.25,3112:362:1,1.00
Uranoscopus,guttatus,-16.25,122.75,3112:362:2,1.00
Uranoscopus,guttatus,-16.75,122.25,3112:362:3,1.00
Uranoscopus,guttatus,-16.75,122.75,3112:362:4,1.00
Uranoscopus,guttatus,-16.25,123.75,3112:363:2,0.94
Uranoscopus,guttatus,-16.75,123.25,3112:363:3,1.00
Uranoscopus,guttatus,-16.25,124.25,3112:364:1,1.00
Uranoscopus,guttatus,-16.25,124.75,3112:364:2,0.88
Uranoscopus,guttatus,-17.25,120.75,3112:370:2,1.00
Uranoscopus,guttatus,-17.75,120.25,3112:370:3,0.84
Uranoscopus,guttatus,-17.75,120.75,3112:370:4,1.00
Uranoscopus,guttatus,-17.25,121.25,3112:371:1,1.00
Uranoscopus,guttatus,-17.25,121.75,3112:371:2,1.00
Uranoscopus,guttatus,-17.75,121.25,3112:371:3,1.00
Uranoscopus,guttatus,-17.75,121.75,3112:371:4,1.00
Uranoscopus,guttatus,-17.25,122.25,3112:372:1,0.88
Uranoscopus,guttatus,-17.75,122.25,3112:372:3,1.00
Uranoscopus,guttatus,-17.25,123.25,3112:373:1,1.00
Uranoscopus,guttatus,-17.25,123.75,3112:373:2,1.00
Uranoscopus,guttatus,-18.25,120.25,3112:380:1,1.00
Uranoscopus,guttatus,-18.25,120.75,3112:380:2,1.00
Uranoscopus,guttatus,-18.75,120.25,3112:380:3,1.00
Uranoscopus,guttatus,-18.75,120.75,3112:380:4,1.00
Uranoscopus,guttatus,-18.25,121.25,3112:381:1,1.00
Uranoscopus,guttatus,-18.25,121.75,3112:381:2,1.00
Uranoscopus,guttatus,-18.75,121.25,3112:381:3,1.00
Uranoscopus,guttatus,-18.75,121.75,3112:381:4,0.90
Uranoscopus,guttatus,-18.25,122.25,3112:382:1,1.00
Uranoscopus,guttatus,-19.25,120.25,3112:390:1,1.00
Uranoscopus,guttatus,-19.25,120.75,3112:390:2,1.00
Uranoscopus,guttatus,-19.75,120.75,3112:390:4,1.00
Uranoscopus,guttatus,-19.25,121.25,3112:391:1,1.00
Uranoscopus,guttatus,-15.25,125.25,3112:455:1,1.00
Uranoscopus,guttatus,-20.75,43.75,3204:103:4,0.84


Occurrence cells used for creating environmental envelope (n = 6)
Genus,Species,Center Lat,Center Long,C-Square,Depth,SST,Salinity,Primary Production,Sea Ice Conc.,Distance to Land
Uranoscopus,guttatus,-4.75,56.25,3005:246:3,125,28.15,35.11,193,0,134
Uranoscopus,guttatus,11.75,80.25,1108:110:3,1122,28.63,33.65,799,0,82
Uranoscopus,guttatus,16.75,85.25,1108:465:3,2785,28.38,31.78,662,0,243
Uranoscopus,guttatus,18.25,84.25,1108:384:1,237,28.25,30.62,1586,0,23
Uranoscopus,guttatus,24.75,58.75,1205:248:4,1633,27.7,36.65,1213,0,106
Uranoscopus,guttatus,27.25,52.75,1205:372:2,75,26.88,39.2,1272,0,17
